-0.0390408
-0.0442111
-0.0394639
-0.0451127
-0.032285
-0.0494088
-0.0467974
-0.0443134
-0.0572145
-0.0388754
-0.0562002
-0.0432398
-0.0482669
-0.0350467
-0.0541217
-0.0401067
-0.0434632
-0.0403414
-0.0411357
-0.0423784
-0.0448819
-0.0486364
-0.0619906
-0.0412458
-0.0469074
-0.0487795
-0.0532773
-0.040697
-0.0396969
-0.0423817
-0.0438318
-0.0430517
-0.0497404
-0.0466942
-0.0468957
-0.0433389
-0.044797
-0.0415185
-0.0501623
-0.055094
-0.0443122
-0.0504012
-0.0412301
-0.0447067
-0.0379052
-0.0439537
-0.0407264
-0.0396671
-0.0432112
-0.0410286
-0.0423477
-0.0493057
-0.0461369
-0.0463433
-0.0378217
-0.0395246
-0.0478466
-0.0507625
-0.0409423
-0.0472701
-0.0362423
-0.0388535
-0.0391129
-0.0465076
-0.0394061
-0.0406137
-0.045862
-0.0541842
-0.0432688
-0.045661
-0.0503614
-0.0416286
-0.0506663
-0.050746
-0.0428383
-0.0414859
-0.0444867
-0.0587522
-0.0479301
-0.0476744
-0.0497539
-0.050995
-0.0507483
-0.0395684
-0.044729
-0.0456646
-0.0453251
-0.0438226
-0.0423393
-0.0523369
-0.0474486
-0.0400573
-0.0383465
-0.0450943
-0.0484469
-0.0438803
-0.0452996
-0.051256
-0.0373468
-0.0386458
-0.0445323
-0.0374459
-0.0466149
-0.0478109
-0.0393076
-0.0493707
-0.0499831
-0.0493213
-0.0424539
-0.0429988
-0.0510221
-0.0525138
-0.0385022
-0.0486925
-0.0402803
-0.0473168
-0.0452922
-0.0422348
-0.0416283
-0.0448595
-0.0391216
-0.0390097
-0.0390175
-0.0468311
-0.0474966
-0.0476944
-0.0384401
-0.0491016
-0.0452073
-0.0358346
-0.0321016
-0.0373881
-0.047748
-0.0458337
-0.0428043
-0.0436578
-0.0439316
-0.0395184
-0.0393209
-0.0479521
-0.0411439
-0.0531417
-0.045499
-0.0449612
-0.0417988
-0.0403974
-0.0495204
-0.0397735
-0.0334934
-0.0321643
-0.0520974
-0.0428828
-0.0547166
-0.04194
-0.047361
-0.0499895
-0.0304776
-0.0486266
-0.0348059
-0.0551174
-0.0436914
-0.0314259
-0.0443518
-0.0553893
-0.0455716
-0.0376922
-0.0432251
-0.0386426
-0.0455138
-0.0522094
-0.0413687
-0.042847
-0.0424627
-0.0370118
-0.0502651
-0.049124
-0.0426301
-0.0448093
-0.0477501
-0.0385642
-0.051517
-0.041813
-0.0350945
-0.045147
-0.0490234
-0.0436497
-0.043096
-0.0424178
-0.0404061
-0.0438778
-0.047413
-0.0396696
-0.0488955
-0.0447746
-0.0505438
-0.0499057
-0.0402241
-0.0392166
-0.0420944
-0.0410635
-0.0436601
-0.0431255
-0.0464386
-0.0410693
-0.0456422
-0.0354321
-0.0379025
-0.0458858
-0.0490692
-0.0431758
-0.0442204
-0.0347794
-0.0428779
-0.0426486
-0.0460509
-0.0551723
-0.0497826
-0.0409796
-0.046426
-0.0353769
-0.0481034
-0.0443608
-0.0364158
-0.0461727
-0.0370692
-0.0572778
-0.0436419
-0.0486973
-0.0460527
-0.0453064
-0.0488413
-0.0473015
-0.0453854
-0.0422714
-0.0515467
-0.0454572
-0.0421163
-0.0494818
-0.0466847
-0.0440735
-0.0479812
-0.0509835
-0.0472326
-0.0446381
-0.049323
-0.0350691
-0.044169
-0.039482
-0.0440536
-0.0462844
-0.0422462
-0.0389817
-0.0492575
-0.0511213
-0.0502637
-0.0411387
-0.048325
-0.038856
-0.0377801
-0.0473522
-0.0411436
-0.0406218
-0.0514905
-0.0390538
-0.0412422
-0.0475439
-0.0481283
-0.0437134
-0.0446843
-0.0431739
-0.0407243
-0.0437807
-0.0496789
-0.050308
-0.0485565
-0.0366763
-0.0458768
-0.0535524
-0.0533743
-0.0425151
-0.0413678
-0.0462442
-0.0387041
-0.0463483
-0.0463739
-0.0492391
-0.0474785
-0.0461644
-0.0425399
-0.0512073
-0.043828
-0.041375
-0.0456938
-0.0428301
-0.0421719
-0.0499839
-0.0400001
-0.0375313
-0.0469657
-0.0431822
-0.0479861
-0.0510982
-0.0449953
-0.0400831
-0.0435757
-0.0424428
-0.0453548
-0.0546282
-0.0350258
-0.0433353
-0.0380193
-0.0479841
-0.0512286
