28.5706
25.2896
21.8185
34.2815
22.5269
22.0763
16.356
20.6047
22.5341
21.9433
20.5772
19.4524
22.1222
22.7349
26.0405
29.3989
29.4359
28.367
30.9863
34.8567
24.9468
21.0146
17.9231
26.034
29.2258
23.3117
24.9622
22.398
23.1547
27.1195
23.5302
21.5306
31.3717
21.2243
30.8395
21.4483
28.2066
28.389
19.7786
23.4984
25.4479
17.4831
21.7374
18.9844
17.3553
31.5488
25.3106
25.0987
19.8718
20.9261
19.772
19.0807
21.5245
23.4621
23.387
27.3804
21.2775
15.5421
24.3144
18.4208
20.2722
27.656
20.3523
31.9212
21.9672
27.491
22.3858
23.8757
30.0182
20.7201
27.6228
25.3315
23.1087
19.3756
28.0246
21.4535
15.4221
19.7126
28.1683
24.3933
25.0868
21.4088
17.0141
18.2475
24.9647
22.2614
22.1144
31.493
21.4351
26.1897
26.67
37.1996
19.832
25.6012
27.3525
17.5346
18.407
28.1745
30.5101
21.3678
19.4109
27.3373
19.4532
25.8661
22.4746
21.61
26.4065
28.7997
23.0713
19.3617
19.2228
19.6965
28.2469
19.4918
22.0212
19.738
18.4495
21.0703
25.8273
26.91
26.646
19.2527
24.6512
24.0021
17.9548
18.1778
31.8162
26.7736
26.5955
27.709
30.1778
17.5507
24.3115
19.5314
22.1481
24.7604
25.0605
25.6411
31.4426
22.9426
22.4668
25.9832
27.874
30.7795
32.4521
25.3105
28.3402
25.0974
30.4474
19.9988
25.3137
25.5088
19.8707
22.2415
14.9928
26.2005
24.0808
21.5715
21.1913
17.8122
23.4798
32.0898
23.1762
18.1763
25.7122
27.3334
19.354
14.6477
22.676
23.0863
22.0207
24.0713
21.3004
17.2255
25.389
16.6495
22.809
22.4082
30.2415
28.0711
29.043
22.478
34.1575
19.2577
32.2897
18.36
27.9003
23.7759
25.3329
26.6165
25.686
31.9409
22.1532
24.1283
26.1602
18.5701
18.8946
18.6273
24.813
30.8037
19.8615
27.187
28.0582
26.9438
19.4565
19.3711
24.2974
14.7893
20.0213
24.2176
27.75
28.1951
25.5511
23.9688
18.7577
19.3293
30.7406
20.1282
22.1598
18.9197
18.8061
26.9508
24.8378
28.0955
28.4843
27.4188
24.3737
24.9132
23.1605
22.2701
46.3039
20.634
20.6115
23.1812
27.9359
27.9182
21.2307
28.2507
27.3688
28.2583
32.9019
24.6566
37.9126
32.9896
22.723
23.9569
25.746
25.8467
24.755
20.493
25.6262
20.5986
27.4788
24.6363
17.1825
25.5494
24.128
28.4873
19.8514
20.0353
28.3825
16.8632
24.9957
24.5023
17.0584
19.5973
19.1129
22.2434
22.1076
28.8948
34.0167
31.616
16.5815
25.9901
22.4789
18.1847
23.8311
21.2307
22.9722
28.0793
24.3245
19.0305
29.5852
23.5717
15.4917
27.1133
21.0399
20.3953
24.9162
23.4128
31.7618
28.2421
21.2922
19.7012
26.0861
30.485
17.2358
32.2614
17.6893
22.7146
20.1606
19.3943
19.6021
19.4125
19.117
19.7748
20.1842
16.4123
24.7748
22.2507
24.1793
20.6793
18.5068
