0.00375072
0.00372571
0.00437732
0.00312666
0.00392173
0.0042388
0.00520706
0.00473272
0.00412504
0.00409644
0.00492766
0.00477848
0.00562434
0.00407994
0.0040825
0.0032575
0.00319432
0.00338434
0.00328437
0.00286015
0.00380335
0.00489806
0.00564243
0.00375692
0.00339503
0.00440858
0.00389102
0.0040253
0.00445262
0.00352108
0.0043675
0.00472137
0.00301519
0.00450957
0.0032042
0.00474823
0.00338767
0.00402391
0.00493662
0.00429919
0.00395881
0.0058217
0.0042308
0.00477279
0.00521843
0.0033856
0.00371167
0.00401536
0.00484819
0.00507045
0.0048975
0.00489634
0.00461664
0.00433694
0.00451396
0.00364904
0.00428437
0.00589405
0.00407103
0.00533149
0.00497136
0.00379056
0.00472127
0.00332268
0.00397217
0.00367815
0.00387881
0.00435253
0.00368224
0.00440831
0.00341595
0.00416054
0.00434109
0.00515289
0.00346414
0.00432586
0.0056848
0.00475399
0.00335854
0.00371089
0.00372924
0.0047548
0.00583867
0.00502077
0.00391108
0.00454686
0.00434176
0.00341044
0.00435431
0.0037682
0.00380759
0.0026019
0.00489552
0.00379743
0.00376963
0.0049728
0.00477316
0.00335493
0.00330369
0.00442825
0.00517288
0.00350016
0.00496593
0.00416499
0.00447827
0.00466772
0.00382041
0.00336104
0.00389692
0.00474426
0.00483272
0.00566071
0.00363151
0.00504309
0.00451871
0.0054896
0.00512004
0.00460123
0.00338981
0.00343026
0.00351335
0.00514884
0.00423863
0.00419592
0.00540687
0.00575251
0.00324271
0.00375063
0.00360524
0.00376888
0.00313277
0.00455945
0.00388881
0.005106
0.00445575
0.00407801
0.00399952
0.00377419
0.00323003
0.00430819
0.00449428
0.00377436
0.00357088
0.00353778
0.00294618
0.0038153
0.0033914
0.00368779
0.00342334
0.00413796
0.00362348
0.00374403
0.00465781
0.00391119
0.00573494
0.00474198
0.00383678
0.00422312
0.00423168
0.00547406
0.00426958
0.00296293
0.00410725
0.00525609
0.00405929
0.00372512
0.00463735
0.00610237
0.0042046
0.00446514
0.00476059
0.00394914
0.00433492
0.00532606
0.00362492
0.00566495
0.00423529
0.00401996
0.00336432
0.00358758
0.00354067
0.00427713
0.0032342
0.00538604
0.00306125
0.00500244
0.00351623
0.0041632
0.00353842
0.00352627
0.0037198
0.00316276
0.00488294
0.00374741
0.00371426
0.00473208
0.00488836
0.0054156
0.00363707
0.00319048
0.00516255
0.00355932
0.00347053
0.00373249
0.00511399
0.00492696
0.00387351
0.00650443
0.00494984
0.00408092
0.00343257
0.00367891
0.00354964
0.0045928
0.0057191
0.0050576
0.00305284
0.00461733
0.00408579
0.00519863
0.00513996
0.00367556
0.00391882
0.00383551
0.00349096
0.00345978
0.00435683
0.00434804
0.00382154
0.0044187
0.00208604
0.00445347
0.0042232
0.00432481
0.00343551
0.00368399
0.00483203
0.00366895
0.00357035
0.00306514
0.00379751
0.00417731
0.00314925
0.00303996
0.00392441
0.00387745
0.00426032
0.00379867
0.00388021
0.00432212
0.00354434
0.00451877
0.00415979
0.00381803
0.00572867
0.00404021
0.00395938
0.00330592
0.00439066
0.00452766
0.00367348
0.00534478
0.00359764
0.00371248
0.00537413
0.00468603
0.00527243
0.00498845
0.00428641
0.00304626
0.00287563
0.00365492
0.00519778
0.00374425
0.00441324
0.00505587
0.00472981
0.00493196
0.00394765
0.00349823
0.00384639
0.00504099
0.00356694
0.0042048
0.00664309
0.00335187
0.00456887
0.00482636
0.00430983
0.00438664
0.00316674
0.0036035
0.00485079
0.00479189
0.0035997
0.00388151
0.0057982
0.00297059
0.00519063
0.00416249
0.00461529
0.00552845
0.00479337
0.00478489
0.00515379
0.00480686
0.00657946
0.00543509
0.00438473
0.00402391
0.00431439
0.00470237
0.00513558
