0.0950192
0.0812588
0.101079
0.0704732
0.0963359
0.103351
0.134035
0.110794
0.108529
0.0992939
0.113229
0.108801
0.111352
0.0933342
0.0908391
0.0753299
0.0743908
0.0743667
0.0686576
0.0620063
0.090156
0.112203
0.135396
0.0825288
0.0714929
0.0951301
0.0868502
0.0893974
0.104424
0.0882613
0.102574
0.102608
0.0709281
0.102559
0.0681375
0.106879
0.0776012
0.089321
0.113217
0.102163
0.0878463
0.121713
0.104472
0.110633
0.136906
0.0787342
0.0825236
0.0952622
0.108477
0.104039
0.109545
0.11224
0.107383
0.107515
0.0965517
0.0786179
0.105566
0.135087
0.0904571
0.123903
0.113508
0.0865506
0.113393
0.0675691
0.0940661
0.0793572
0.0990907
0.0915663
0.0905058
0.108389
0.0864831
0.0979308
0.102226
0.123932
0.0874884
0.106723
0.140737
0.101374
0.078948
0.0843377
0.0900706
0.115012
0.126933
0.12078
0.0842981
0.106976
0.105475
0.0750317
0.101542
0.0891256
0.087497
0.0580115
0.112918
0.0862833
0.0886146
0.122624
0.112788
0.0777265
0.0744704
0.106127
0.117158
0.0852643
0.113763
0.091264
0.103046
0.11991
0.0914784
0.0780714
0.0879327
0.112044
0.124899
0.143808
0.0910456
0.114706
0.101579
0.122865
0.12122
0.104452
0.0823693
0.0880009
0.0778388
0.113236
0.0961221
0.0905661
0.13044
0.125194
0.0700591
0.0814751
0.093547
0.0887094
0.0775452
0.123255
0.0920897
0.111289
0.104551
0.105015
0.0954129
0.0901165
0.0698537
0.0989981
0.117463
0.088667
0.0871399
0.087265
0.0633218
0.0923717
0.07387
0.0966027
0.0745471
0.0970975
0.0860566
0.0857705
0.119583
0.101258
0.141754
0.114379
0.088464
0.100132
0.104929
0.131917
0.0916028
0.0672675
0.0997888
0.118136
0.0887277
0.0905389
0.108339
0.146037
0.0982907
0.095448
0.101239
0.0936001
0.101914
0.121756
0.0847512
0.124862
0.101894
0.0935272
0.0717189
0.0841047
0.0779816
0.092012
0.070725
0.120192
0.0683623
0.113456
0.0772002
0.107
0.0843078
0.0837636
0.086003
0.0703705
0.110082
0.0868376
0.0888255
0.114183
0.112052
0.124289
0.0931175
0.0680505
0.118659
0.0818287
0.0770811
0.0869238
0.111776
0.10621
0.0947406
0.147155
0.111572
0.0946281
0.0815229
0.0854775
0.0856314
0.0965678
0.106517
0.118495
0.0712163
0.111652
0.0932667
0.127286
0.114657
0.0825138
0.0832861
0.0790357
0.0773965
0.0870155
0.1009
0.096541
0.0909314
0.103577
0.0499104
0.107954
0.11249
0.105284
0.0806831
0.0850083
0.102406
0.0854885
0.0819068
0.0770059
0.0803511
0.0908674
0.0669788
0.0706915
0.100769
0.0860454
0.098624
0.080444
0.088037
0.10891
0.0897322
0.100896
0.0947721
0.0873691
0.134985
0.0880617
0.0932674
0.0822212
0.107433
0.112664
0.0814826
0.12152
0.0886192
0.0849773
0.127878
0.107763
0.118887
0.112845
0.0965752
0.0791989
0.0656948
0.0750226
0.124578
0.0874538
0.101136
0.118996
0.106115
0.108462
0.0925875
0.0754721
0.0880229
0.113978
0.088602
0.0952441
0.15282
0.0824618
0.105215
0.106105
0.0986906
0.0981539
0.0782968
0.086979
0.115199
0.113251
0.0812006
0.0822153
0.118993
0.0688003
0.119306
0.0998049
0.114352
0.107185
0.12023
0.10571
0.116835
0.115412
0.143247
0.141875
0.0959165
0.0969065
0.0881888
0.107392
0.13184
