32.0233
33.5116
33.8837
33.3023
36.2326
32.7907
31.2326
30.4419
32.3953
29.907
30.6977
30.5349
20.9535
36.2326
31.7209
33.9302
27.6977
34.8837
33.7209
33.186
34.6279
32.0233
32.4186
32.1163
34.0698
33.4419
31.5349
34.6744
35.2326
30.9767
31.814
36.2791
32.1628
31.3953
33.093
30.186
29.8605
31.8372
31.5581
32.093
33.7907
32.8837
35.5349
34.4884
30.7209
31.9535
33.4186
26.6744
30.4186
33.3023
34.8372
35.093
35.2791
33.7907
33.2791
36.2558
33.2326
31.6977
33.5116
35.8837
31.7442
35.1395
34.0465
35.5814
33.907
36.1163
34.5814
34.3953
29.7674
33.3953
30.4186
32.7442
32.8605
32.2093
34.186
31.6047
34.2093
31.7674
34.2326
31.186
32.6279
31.1163
30.4186
34.5116
30.0465
33.4884
30.3953
34.4419
35.1628
28.3953
31.4186
35.2558
36
33.093
31.3256
33.9302
34.3953
31.7209
33.4419
33.9535
36.186
31.2558
34.814
30.3953
30.5814
30.5349
29.3953
33.6977
36.0233
30.1395
33.1163
31.1628
34.6977
36.0233
35.6977
30.3488
34
33.186
35.4651
35.4651
28.9767
37.4884
31.7209
33.9535
33.8372
34.3256
32.8605
33.4419
30.7907
35.907
33.0233
33.5349
32.3023
33.186
33.4186
30.093
32.6047
34.6744
37.9535
34.8372
33.8372
34.3488
31.2791
31.0233
34.4419
34.3721
34.5814
33.1628
35.0698
34.7209
34.2326
33.1163
31.8372
30.9535
33.2326
33.1628
34.5116
32.3256
35.5116
31.3721
35.9302
34.5116
33.2558
30.5116
35
37.2093
30.3488
30.093
36.8372
34.6047
37.1628
36.6744
32.5814
35.2093
31.9535
33.2093
34.2326
35.9302
31.9302
33.093
33.4186
36.1628
34.7674
30.3256
33.3488
35.2326
31.5581
30.3256
34.907
33.3256
33.2326
25.6279
34.8605
35.3488
34
34.3488
34.9535
35.3953
33.8372
34.093
34.2093
34.6279
32.7209
34.8372
34.6744
34.9767
34.7907
29.5349
32.9302
32.1395
29.7209
32.093
35.6279
36.6047
34.186
33.9302
33.0465
30.186
31.6977
26.2093
35.1628
30.4651
34.9535
31.6512
29.2093
28.3488
29.2093
32.3256
33.3023
35.7907
34.6744
31.3023
32.2791
32.4419
31.6512
33.4186
30.5349
35.093
36.5349
34.5349
23.6977
33.907
37.6279
26.3953
32.8372
37.0233
31.6512
29.3023
34.4884
35.907
31.907
36.7907
33.7209
34.3721
33.5116
33.4186
34.7209
33.3721
37.0465
32.8372
30.6047
33.3721
31.3953
34
32.2791
30.9302
30.093
36.0233
33.5349
32.6279
34.5814
34.5581
33.7674
30.907
33.1395
35.7674
34
31.7674
31.3721
34.2093
34.907
34.907
31.186
32.3953
34.0698
34.0233
34.4884
34.5814
34.7209
31.8605
35.5116
34.4419
31.3721
34.1163
31.6047
30.0465
34.5349
27.8605
32.4884
33.3953
33.3953
31.6279
33.0465
33.2791
35.4419
33.2558
22.3256
28.6279
32.5116
35.9767
36.5349
34.3721
30.9767
