71.9535
74.1163
75.2093
73.6279
77.186
73.186
71.907
71.0698
72.5581
71.2791
69.7442
71.4419
59.3023
77.6977
72.186
74.7907
67.6744
75.7674
73.8605
73.907
75.2791
73.0233
73
72.2791
74.6512
74.0465
72.4419
75.5581
75.8372
72.0233
72.5349
77.0465
72.9535
72.3953
73.3953
70.8605
70.3256
72.093
72.3953
72.8372
74.0233
73.6047
76.0233
75.1628
71.5581
72.7209
74.7907
66.2093
70.9767
73.5814
75.3488
76.2791
75.8372
74.4651
74.4651
76.8837
73.8605
71.814
74
76.8837
72.2791
76
75.0233
75.9767
75.0465
76.8605
75.2326
75.2791
70.3721
73.0465
71.3023
73.6512
73.3721
73.3953
75.3488
72.4419
75.1163
71.9767
74.7907
71.3023
72.9302
71.6279
70.6512
75.5349
70.4651
74.4186
71.093
75
76.3256
69
72.5581
76.4186
76.6977
74.2558
71.0698
75.1395
75.6279
72.1163
74.4186
75.2791
76.7442
71.5814
75.5116
70.7674
70.6047
70.8372
70.4419
74.4186
77.3488
71.1395
73.6047
69.7907
75.8837
77.1163
76.5814
70.9302
74.4651
74.2558
76.5581
76.3256
69.8837
78.6977
72.9535
74.5349
74.3953
74.1395
73.4186
74.093
71.4651
77.2558
73.3953
73.9767
72.8372
73.7907
74.2558
69.7442
73.3721
75.5814
79.0233
75.6279
74.3023
74.907
72.0233
71.7674
75.4419
74.6047
75.1163
74.093
75.814
75.907
75.2791
74.1395
72.2558
71.6977
73.907
73.3721
75.6047
73
76.6047
71.2791
77
75.5116
74.1628
70.9767
75.5349
78.0465
70.4884
70.8837
77.7442
75.2326
78.4419
77.5349
73.5814
76.3488
72.6977
73.1163
74.9767
77.2326
72.4186
73.6744
74.3256
77.0465
75.3256
70.7442
74.0698
75.7907
72.3023
70.907
75.9767
74.0233
73.5116
65.8605
75.1163
76.186
74.8837
74.7674
75.9535
76.1395
74.4651
74.3721
74.8837
75.1163
72.5814
75.5581
75.6977
76.3023
75.9535
68.7209
73.6744
72.1395
70.0698
72.6047
76.6744
77.4419
74.4186
74.5581
73.6977
70.8837
72.3256
65.5581
75.6047
70.6279
75.5116
72
69.3256
66.0698
68.9535
73.0233
73.8837
76.9535
75.3953
71.6512
73.0465
72.8837
72.093
74.3488
70.8837
75.5581
77.7442
75.4651
61.7674
74.6279
78.6512
67.186
73.6279
78.5116
72.5349
68.9535
75.3488
76.6279
72.5581
78.2558
74.093
75.093
74.0233
74.4651
75.5116
74.186
78
73.8372
71.1395
73.6744
71.5349
75.1163
73.1628
71.9302
70.5349
77.4651
74.4419
72.814
75.6279
74.7209
75
71.0465
72.907
76.7674
74.6279
71.6977
71.5581
74.907
76.0233
75.2558
71.4419
72.6744
75.093
74.5349
75.0698
75.6047
74.9767
72.0465
76.4419
75.1163
72.1628
75.3953
72.4186
68.8837
75.093
68.5116
72.8372
73.9767
74.2326
72.4651
73.5581
73.9767
75.1628
73.4884
58.7209
68.5581
72.6279
76.6512
76.4884
74.5581
71.2326
