68 71 70 68 43 65 83 78 83 78 74 70 76 73 46 78 69 72 73 70 74 80 75 85 71 80 84 81 82 77 60 52 64 82 68 84 77 84 82 80 60 61 60 69 70 80 66 31 67 82 80 82 77 72 67 73 77 57 75 70 69 69 59 73 77 77 85 63 78 82 82 80 74 61 55 69 81 67 83 76 83 81 72 60 64 62
56 78 72 82 48 78 83 80 83 83 73 71 78 78 54 76 70 68 71 72 75 80 79 85 73 79 83 85 77 79 59 61 61 83 76 84 82 84 84 78 68 71 55 65 76 80 69 38 74 83 78 83 69 75 72 70 80 52 77 75 73 75 66 76 79 78 85 61 80 81 83 79 78 61 69 63 80 76 85 79 83 83 80 72 73 65
70 74 79 75 45 74 84 77 82 80 77 78 77 81 65 78 73 64 74 77 77 82 82 84 73 80 82 84 79 79 72 61 67 79 80 85 80 83 82 78 68 65 57 74 75 80 71 48 73 81 80 78 75 78 73 81 78 56 82 74 71 72 70 79 81 80 85 62 80 84 83 81 80 68 54 62 81 77 85 84 82 78 76 72 77 64
73 74 77 62 41 73 82 82 85 83 74 69 76 80 54 79 73 72 74 67 80 80 80 84 65 81 84 84 79 77 64 66 57 82 80 84 79 84 82 78 63 68 67 64 70 77 69 23 72 83 79 84 79 74 72 71 74 59 79 75 70 72 67 75 79 80 85 62 79 84 85 76 68 69 62 61 79 73 84 79 84 81 77 73 65 61
56 76 78 76 53 76 79 81 85 75 77 74 82 83 52 80 77 69 75 78 82 77 80 85 70 82 82 84 85 81 64 76 72 83 77 85 82 84 84 84 77 78 68 75 75 80 78 45 78 85 79 82 81 81 76 73 80 63 80 73 72 78 73 80 80 81 85 67 84 84 83 83 82 67 65 76 84 76 85 79 84 83 84 76 82 77
57 75 84 74 49 72 82 72 82 74 77 72 74 76 60 75 75 73 74 71 77 76 76 85 72 79 83 83 76 76 52 54 65 81 62 84 80 82 79 81 65 70 60 75 71 83 72 38 66 82 78 82 78 73 68 73 77 64 81 74 67 74 63 80 81 78 85 63 82 83 84 79 81 61 52 48 78 71 85 82 83 79 83 64 66 61
43 72 75 70 51 68 81 70 84 80 68 71 69 71 47 82 77 66 72 71 78 77 75 84 69 80 82 85 75 83 70 67 49 79 77 85 79 82 79 78 61 68 49 61 75 75 56 42 67 82 72 82 76 76 71 79 74 48 76 69 70 68 63 75 79 74 83 70 79 83 84 71 75 71 61 52 79 71 84 78 82 78 79 73 65 57
49 76 81 71 56 72 74 64 81 75 69 73 73 63 63 78 76 65 74 70 76 78 78 84 72 81 83 79 69 75 68 59 51 77 61 84 78 82 77 78 57 70 55 58 78 79 69 51 69 73 74 83 78 67 74 70 71 59 77 73 62 63 66 73 77 78 85 67 82 85 84 70 70 62 58 41 72 62 85 78 82 79 80 55 67 51
55 57 72 75 60 78 80 76 84 60 77 68 66 72 59 72 72 67 71 72 78 75 83 84 54 81 82 84 77 80 59 62 56 83 74 84 76 85 82 78 70 60 61 59 69 73 65 57 76 81 78 79 73 78 63 69 75 65 76 68 68 70 60 70 82 78 83 65 79 84 84 78 77 58 68 56 80 82 85 81 84 84 80 71 72 56
57 74 78 70 50 70 80 70 84 72 71 70 72 68 58 78 67 65 65 72 69 81 73 85 67 80 84 82 66 71 68 54 54 78 76 85 74 81 77 75 73 66 64 48 72 75 56 58 71 77 67 81 71 76 70 73 69 68 80 68 61 69 66 79 78 83 85 62 77 83 81 70 65 66 53 49 78 81 85 75 84 75 82 61 71 57
55 68 74 58 26 73 68 70 77 72 79 69 66 72 45 79 72 67 68 65 76 77 79 85 69 82 79 79 71 73 62 55 48 80 82 83 81 81 83 82 72 71 59 56 60 72 58 37 70 82 65 63 78 76 68 71 75 34 76 64 67 65 63 73 70 81 84 62 77 80 84 71 71 68 46 51 74 76 85 80 80 77 78 66 66 66
48 69 76 67 51 71 75 73 82 74 72 73 75 71 59 78 67 68 69 68 79 79 79 85 70 77 84 85 76 73 67 56 64 77 66 85 76 79 80 78 59 65 54 56 74 77 69 36 64 78 69 80 73 72 70 76 75 58 80 70 68 72 69 78 77 79 83 72 81 84 83 76 73 66 49 50 79 77 84 77 80 77 78 61 64 51
41 54 69 50 41 46 68 53 60 53 61 56 66 53 35 62 53 52 56 50 61 63 72 78 64 73 70 72 49 52 48 40 41 65 72 84 73 76 76 67 61 62 51 36 55 69 34 39 49 70 52 56 56 67 66 64 50 45 58 54 50 60 47 62 60 62 76 50 71 78 76 50 59 56 39 37 68 81 84 74 72 69 76 54 59 61
62 82 81 78 50 76 84 84 84 82 78 76 74 81 60 81 78 72 73 77 83 82 83 85 80 84 85 85 84 83 65 71 76 82 71 85 77 84 81 82 73 74 72 69 78 76 72 50 73 84 80 85 77 82 76 80 79 64 81 77 78 78 77 81 82 78 85 69 84 84 85 83 84 69 71 71 82 78 85 79 84 83 84 78 79 68
53 66 81 80 48 76 83 75 83 80 78 65 71 73 47 74 66 69 70 66 76 77 76 85 72 82 85 85 81 72 59 51 46 82 71 85 80 81 83 79 60 71 51 63 71 70 76 45 66 84 75 79 73 77 74 73 76 49 74 67 69 71 68 74 76 75 84 62 80 85 85 76 74 65 65 56 80 74 83 79 84 83 76 68 79 51
57 71 77 72 41 78 81 83 84 82 76 70 78 77 63 77 72 73 71 74 77 78 78 85 71 83 83 85 81 81 75 65 58 82 73 85 79 85 82 80 66 69 63 61 77 72 73 61 65 83 76 84 77 80 63 76 71 57 77 66 72 69 72 78 83 78 85 70 82 83 85 81 83 69 64 61 79 75 85 81 83 84 85 71 73 61
53 63 71 70 31 59 83 70 81 74 64 72 62 64 51 66 62 56 57 71 67 69 71 84 64 72 81 83 68 79 48 48 41 76 77 83 71 81 81 82 62 59 54 54 75 75 69 46 58 75 73 76 68 66 66 63 70 50 75 58 60 61 61 71 73 77 84 69 73 81 82 70 72 62 57 46 77 74 83 74 79 78 72 64 68 54
73 73 78 76 58 80 82 84 84 85 77 76 78 79 49 76 77 72 72 75 74 80 77 85 72 81 84 85 82 80 73 74 63 83 80 84 77 83 81 83 56 64 69 72 69 76 75 50 67 85 76 84 78 78 72 81 78 44 74 76 70 76 63 80 77 81 85 68 82 84 85 82 84 72 76 66 81 76 85 78 84 84 80 67 76 65
58 69 74 65 49 72 82 77 83 79 75 75 78 77 58 67 71 65 74 71 70 65 74 85 66 81 82 85 81 76 55 64 63 83 76 85 82 85 85 83 72 78 61 68 71 73 64 52 77 84 81 80 73 76 71 72 80 61 72 60 70 68 71 73 76 78 85 71 80 83 84 80 78 62 64 64 85 75 85 80 85 84 80 76 79 65
62 73 74 66 45 78 85 78 85 81 81 73 81 78 67 76 63 67 71 66 77 80 76 84 75 81 82 84 79 80 67 58 56 82 74 85 78 84 83 80 67 66 65 62 74 74 69 43 76 85 80 81 79 79 69 78 80 60 76 61 70 65 58 77 76 73 85 64 78 81 85 75 80 62 73 56 81 80 85 80 83 83 79 76 74 58
66 76 76 70 32 80 79 82 84 80 77 79 83 79 64 79 69 67 69 67 78 79 78 84 67 78 82 83 82 78 66 69 66 84 82 84 82 85 84 82 72 67 67 74 75 78 60 41 81 80 83 84 77 79 75 76 82 65 76 66 72 70 64 72 82 78 84 63 80 83 83 84 78 66 73 60 81 80 84 83 84 84 80 72 77 68
57 75 80 71 43 69 81 76 81 76 67 71 77 77 68 78 69 58 65 70 74 83 80 83 54 79 85 82 77 80 59 63 65 79 80 85 82 84 81 79 67 72 67 66 79 67 67 48 74 80 73 83 77 70 78 66 74 59 77 74 67 72 72 72 79 77 82 58 80 84 84 78 77 63 48 57 78 76 85 81 83 82 79 68 75 62
69 76 75 74 51 71 83 70 84 73 74 62 79 75 42 77 76 71 72 51 72 77 79 84 70 82 85 83 77 79 54 68 53 81 77 84 83 84 84 77 58 66 62 68 73 80 71 48 66 85 74 82 73 74 71 75 78 42 78 75 68 75 69 79 77 80 85 62 81 83 84 81 82 62 57 58 81 75 84 79 84 83 71 69 72 60
66 68 73 70 31 74 77 77 82 79 73 66 60 79 47 73 63 70 71 70 72 78 74 84 61 77 80 84 80 84 58 65 59 80 75 85 76 83 83 83 77 71 69 67 68 74 64 24 71 81 76 80 76 81 68 68 77 45 72 67 65 66 65 68 77 75 84 74 78 83 83 80 76 61 68 57 82 77 83 81 83 83 77 77 75 72
46 71 79 72 56 79 84 80 82 82 78 72 76 76 57 77 74 72 74 76 77 74 80 85 68 81 85 84 81 81 66 65 55 82 72 85 79 84 83 80 70 61 62 69 74 75 66 50 70 83 81 81 79 81 70 75 79 62 73 67 73 74 66 71 76 76 84 69 81 85 85 81 82 72 63 60 80 75 85 82 84 81 84 73 76 64
78 75 74 73 34 72 85 82 83 79 73 63 73 82 57 71 71 71 72 69 78 78 77 85 73 81 85 85 80 83 68 61 57 80 77 85 76 84 81 78 69 62 58 78 77 78 70 41 63 83 76 82 74 74 65 74 80 52 74 76 72 75 69 79 80 78 84 68 83 83 85 80 81 69 59 60 78 77 84 77 84 81 80 72 72 63
57 77 77 76 35 76 85 80 85 83 74 68 67 76 53 74 72 65 67 72 74 80 81 84 74 78 83 84 77 75 57 63 61 81 74 84 77 82 74 79 63 60 52 60 74 79 61 44 76 83 76 81 77 81 69 76 80 54 73 67 67 69 61 75 74 78 82 70 79 84 84 75 77 67 68 53 81 77 83 81 81 77 74 66 67 53
57 75 76 81 53 74 80 78 83 77 75 77 81 80 73 80 74 70 74 74 78 80 81 85 63 76 84 85 82 78 62 56 61 83 75 84 82 84 85 82 75 70 66 69 72 78 73 43 69 83 79 81 77 77 73 75 82 63 77 75 74 79 68 81 81 79 85 63 82 84 84 81 79 72 67 66 83 74 84 82 84 84 81 70 75 61
68 69 78 75 52 80 84 80 84 77 77 75 73 79 65 80 76 70 76 82 81 80 81 84 73 81 81 83 82 83 63 53 69 83 76 85 81 83 82 83 67 70 73 68 70 77 72 39 73 84 83 83 78 81 74 79 79 57 71 76 78 76 76 75 74 79 84 61 82 83 85 83 82 72 58 65 83 80 85 80 83 83 83 70 70 71
64 66 70 63 42 75 80 77 83 77 73 68 73 76 63 70 68 60 60 60 70 78 70 85 69 77 81 80 77 73 61 56 65 84 74 85 80 84 84 81 75 78 61 62 75 74 62 49 74 79 73 77 72 76 68 73 77 53 81 73 66 63 61 72 78 75 84 60 81 82 80 76 67 65 55 61 80 79 85 83 85 84 74 70 74 60
45 77 78 67 57 75 79 74 81 79 73 66 67 68 48 74 69 79 73 74 75 78 77 83 80 83 84 81 79 71 60 58 53 80 79 85 82 82 81 74 65 61 62 65 78 68 73 39 76 83 79 82 79 73 66 69 77 47 77 61 69 71 70 77 78 78 85 65 82 85 85 76 74 67 61 55 78 80 84 74 81 81 80 74 64 56
60 77 80 79 33 81 82 83 85 84 76 74 79 81 53 77 75 75 74 80 81 76 81 85 75 79 84 85 84 82 73 67 73 83 80 85 80 85 85 77 75 73 66 66 82 78 75 44 77 84 83 84 83 80 75 82 81 61 76 75 77 75 70 79 81 80 84 81 81 84 85 78 83 71 64 60 82 81 85 82 84 83 83 74 81 70
47 58 76 61 52 76 81 77 83 75 73 72 70 77 61 70 73 69 72 64 75 72 79 85 76 81 83 85 78 75 60 66 59 82 80 85 79 82 81 74 63 76 58 64 75 76 67 45 74 82 79 84 76 77 70 75 76 56 74 70 68 72 69 76 78 75 85 67 84 84 83 76 74 68 58 58 77 78 84 81 84 82 78 58 76 60
54 72 79 69 46 71 80 73 84 76 71 73 74 72 50 75 76 72 79 58 76 79 77 85 76 82 83 85 80 78 56 53 55 82 74 84 77 81 81 75 66 63 60 66 77 76 71 39 69 81 74 80 77 74 67 77 75 50 78 68 75 74 59 71 80 74 84 75 85 85 85 80 74 68 58 46 75 71 85 76 83 81 76 59 71 65
71 68 80 67 41 70 83 75 85 83 68 72 74 70 44 76 76 66 69 62 75 77 80 85 65 77 82 84 77 82 59 63 64 83 81 84 77 82 83 83 69 66 67 67 70 78 67 42 73 82 76 82 74 73 69 71 78 47 77 73 74 72 65 78 78 76 84 69 79 84 84 80 80 66 67 65 81 81 84 79 83 84 78 63 72 62
49 77 80 74 34 69 80 67 83 78 72 59 70 69 45 77 75 61 72 71 73 77 76 85 75 83 84 84 72 68 68 57 50 76 75 83 79 81 80 76 69 63 56 57 68 81 64 41 59 75 64 80 73 73 74 69 71 55 75 71 68 72 65 72 79 82 83 60 80 82 84 72 71 73 55 55 71 75 84 81 81 80 77 66 64 60
55 62 76 66 50 68 81 70 84 76 67 67 74 68 45 71 71 60 70 66 71 80 69 85 68 82 83 85 76 66 63 50 60 77 76 85 74 82 80 74 59 60 62 61 66 74 63 45 62 82 71 82 66 67 65 74 71 51 76 66 61 70 65 70 75 72 85 60 79 80 85 79 71 67 50 64 79 80 85 79 83 81 80 68 62 62
54 67 78 78 36 75 83 68 82 78 72 78 77 68 63 74 73 69 73 75 69 75 78 84 69 81 82 84 80 71 65 50 62 78 76 83 75 82 79 80 62 67 64 51 76 79 59 30 64 79 71 78 70 80 68 80 69 52 74 79 78 79 59 70 77 77 85 69 83 84 83 78 74 72 50 57 80 67 85 78 84 81 78 62 74 60
53 76 77 68 47 73 77 77 80 76 74 66 73 72 56 73 70 67 77 69 77 69 79 85 68 78 84 84 75 82 62 65 58 79 67 85 76 84 82 79 68 67 59 55 77 76 73 46 66 81 69 78 78 75 67 75 73 67 75 71 71 73 68 77 78 80 85 66 82 85 83 78 77 64 61 46 78 69 84 78 85 80 80 61 67 55
56 70 71 70 50 66 79 79 83 77 72 69 71 77 66 71 71 66 71 71 73 76 73 85 67 81 82 83 78 77 56 61 62 82 83 85 80 84 83 82 65 67 65 69 71 75 67 49 70 85 79 83 74 68 66 66 78 51 70 68 71 71 68 74 75 77 83 63 79 84 85 75 76 59 66 59 82 80 85 80 85 83 81 64 71 63
60 62 70 76 32 74 85 79 84 77 78 75 74 75 63 72 70 70 70 79 75 79 75 85 62 79 84 85 78 80 74 49 54 81 78 84 79 83 83 85 67 66 57 71 70 74 72 48 72 84 74 84 74 79 72 76 74 63 80 70 75 72 71 78 76 77 85 70 82 83 85 81 82 67 60 63 80 79 84 80 83 82 83 68 75 61
49 72 82 84 47 69 82 68 83 79 79 66 77 76 52 70 74 68 70 74 78 77 78 85 72 82 84 84 75 74 68 59 60 83 77 85 81 83 84 80 63 66 49 54 76 82 76 50 76 83 76 80 76 75 78 70 74 61 76 75 73 77 72 75 76 77 83 62 80 83 85 75 76 71 65 50 79 74 85 79 84 81 82 66 74 60
66 65 74 75 48 78 82 81 85 82 77 71 79 83 47 77 73 74 76 71 78 74 75 84 75 82 84 83 84 80 57 74 73 84 79 85 81 85 85 82 70 76 68 73 73 77 68 53 76 82 84 81 79 83 70 76 84 63 75 73 75 74 70 82 81 79 83 70 83 82 83 79 83 63 71 57 82 76 85 82 85 85 83 72 81 60
51 69 72 76 59 78 80 78 78 78 78 80 75 80 66 78 67 74 64 76 78 79 75 85 71 81 84 84 77 74 70 78 59 82 78 84 81 85 84 79 74 76 62 64 75 79 73 62 78 84 81 79 79 75 78 69 83 58 77 68 72 66 74 79 78 78 84 63 76 84 85 80 74 67 73 42 84 76 85 83 84 84 81 73 77 63
53 71 76 69 53 71 81 76 82 73 69 75 74 75 51 73 69 65 69 74 71 71 73 85 66 74 83 82 77 80 65 63 53 78 78 84 74 81 79 83 62 63 53 51 74 75 68 45 64 80 74 85 68 78 66 78 76 55 69 67 68 74 68 67 79 77 85 64 82 84 83 73 81 67 62 44 80 80 85 75 82 79 83 60 66 56
65 70 76 71 63 68 81 76 78 67 76 71 78 77 49 76 73 71 71 72 73 76 74 83 74 79 85 81 81 74 59 60 62 82 70 85 80 82 82 79 67 64 57 70 71 78 59 45 70 83 76 83 72 68 65 70 76 60 80 71 67 71 60 77 74 77 84 62 81 82 84 80 77 59 55 66 83 71 85 80 83 85 78 64 74 60
60 65 71 73 58 75 84 76 85 77 79 67 79 77 64 76 65 66 68 74 69 80 76 85 68 81 84 85 82 83 68 66 63 80 80 85 81 85 82 80 75 70 60 72 75 74 72 55 74 79 76 82 70 75 79 77 74 55 80 65 73 73 71 72 79 77 85 69 81 84 85 78 77 74 70 61 81 80 85 81 84 81 79 73 73 65
64 63 68 48 34 55 78 68 79 62 69 52 62 69 38 71 67 57 64 48 72 71 81 82 59 77 79 82 72 68 52 52 54 81 70 83 76 80 80 70 64 52 64 61 70 69 68 34 57 80 73 78 70 65 57 68 66 36 72 63 62 66 65 62 67 74 82 53 77 77 81 67 63 59 51 48 72 67 82 74 79 76 70 66 71 59
46 71 72 78 51 68 83 71 82 79 73 77 77 71 60 69 68 62 71 68 75 70 69 85 68 74 82 85 74 73 55 56 65 71 76 85 75 80 80 79 58 64 56 62 60 79 73 44 63 83 69 81 65 72 62 75 73 54 79 71 61 67 59 77 80 74 85 49 80 83 83 75 82 65 56 55 78 75 85 82 83 82 77 69 70 55
65 75 68 76 35 82 83 79 84 81 73 68 77 79 55 72 71 71 74 70 73 81 72 84 71 78 84 85 79 80 70 66 62 80 75 84 78 83 83 80 70 70 52 66 71 78 64 37 60 79 72 83 72 73 61 73 83 59 77 75 72 80 62 77 75 80 85 58 81 85 84 80 80 75 66 69 83 71 84 80 83 83 80 68 70 56
59 72 80 78 56 80 84 81 80 84 77 78 80 80 58 72 74 69 63 76 73 82 70 85 65 77 84 85 83 72 65 73 66 81 77 84 81 85 85 79 74 73 62 66 75 77 69 61 74 78 80 84 79 80 74 70 77 54 81 70 74 77 65 79 84 79 85 66 84 85 85 76 78 69 65 63 84 71 85 83 85 83 81 69 77 57
68 68 78 77 61 78 84 81 83 77 76 74 78 81 67 82 76 70 74 70 81 77 81 85 73 81 83 84 80 81 64 62 66 81 81 85 79 84 83 84 68 73 66 73 76 81 68 53 75 85 80 82 74 80 72 80 79 65 77 74 77 70 62 78 79 83 85 69 80 85 84 79 83 68 55 60 81 83 85 84 85 84 82 74 79 67
69 75 73 77 63 78 84 82 85 84 81 74 74 81 59 74 76 78 76 76 74 81 75 85 61 82 83 85 79 80 62 70 60 84 76 85 83 85 82 80 66 70 66 77 72 82 75 52 70 84 81 83 81 77 72 73 80 57 78 75 76 71 74 80 76 78 85 55 81 85 85 79 81 62 63 58 81 81 85 82 84 81 83 72 71 71
67 73 77 63 58 79 83 83 83 76 75 76 67 79 55 73 74 73 73 70 79 75 77 84 64 81 83 85 84 80 53 55 64 84 71 84 80 84 82 81 74 62 66 71 78 79 60 44 75 82 81 81 75 76 64 76 81 61 74 70 75 74 70 75 79 73 82 69 83 85 83 81 81 66 62 63 80 76 84 83 83 82 81 75 74 68
62 77 77 76 46 75 84 82 85 82 76 70 77 81 62 74 74 65 71 69 76 78 78 85 75 81 83 83 79 81 61 65 55 79 82 83 78 83 76 83 70 70 58 69 71 72 69 45 72 81 74 81 80 82 67 79 79 61 77 70 80 76 64 73 81 79 85 73 83 81 85 80 83 71 55 65 77 75 84 81 83 82 78 55 75 64
70 71 79 79 50 78 84 83 85 82 73 70 79 78 69 78 76 73 72 81 79 76 81 85 76 84 83 85 84 82 72 70 68 83 76 83 81 84 85 76 71 74 61 68 71 81 74 44 81 85 84 84 78 82 81 81 84 53 80 72 74 77 78 77 76 76 85 74 80 85 85 82 76 72 62 55 85 75 85 81 85 85 83 78 77 72
57 71 78 65 42 75 79 83 82 77 79 67 75 73 56 78 68 69 69 70 80 77 80 85 69 78 83 85 76 75 67 58 54 84 71 85 81 85 81 82 71 76 67 55 71 74 68 48 71 81 79 81 73 80 73 76 78 62 75 70 73 71 63 80 77 76 85 64 81 84 85 77 78 69 64 57 81 75 85 81 84 82 80 72 81 69
54 66 80 73 45 69 82 71 83 79 76 73 75 75 44 70 77 72 73 74 77 78 81 84 58 80 83 84 75 83 71 43 59 79 58 85 79 84 78 82 46 61 56 69 70 79 69 45 65 84 77 79 76 77 70 77 78 49 74 71 69 71 66 73 77 76 84 59 77 82 84 76 81 62 60 59 79 64 84 75 81 79 79 61 70 64
66 75 75 74 60 76 84 84 79 80 78 71 72 83 71 70 74 67 69 70 74 72 71 85 64 78 79 85 80 79 61 67 58 83 80 85 79 84 84 82 63 63 65 61 77 70 64 59 68 81 74 79 72 78 68 71 78 57 73 67 68 77 62 81 78 74 85 60 82 83 85 78 76 68 67 61 82 77 85 82 85 83 82 74 71 62
62 68 76 74 66 82 85 84 83 85 77 75 73 83 65 72 72 76 74 80 82 77 80 85 67 83 82 85 84 84 53 71 60 82 80 85 80 83 84 83 77 76 68 74 74 82 67 50 76 83 84 84 77 82 68 81 83 62 71 72 81 78 71 81 77 82 85 72 82 84 85 82 83 77 53 70 82 81 84 85 85 84 78 70 75 72
56 71 74 68 51 76 79 76 80 75 73 72 78 74 51 73 68 69 73 70 74 71 73 84 69 76 78 81 76 78 58 66 51 83 79 84 81 83 83 81 74 73 56 64 70 72 70 34 67 82 74 81 72 81 65 75 79 50 77 73 64 68 66 73 74 77 82 60 79 81 84 78 76 67 48 58 82 80 84 80 83 82 83 66 72 64
68 78 74 74 42 81 82 83 83 81 81 73 82 82 52 78 75 79 78 79 77 77 80 85 79 83 83 84 82 79 64 64 63 83 75 85 83 83 81 84 62 73 57 77 81 76 56 39 77 84 81 82 80 80 70 79 81 65 78 71 77 80 58 77 79 77 84 72 83 84 85 79 78 74 67 66 82 78 83 81 82 83 82 72 75 70
63 74 81 76 28 75 80 76 85 76 80 70 76 79 57 78 76 68 73 65 82 83 80 85 75 82 83 84 79 81 58 63 69 81 71 85 78 83 82 83 73 73 67 71 80 77 62 46 75 83 76 84 76 81 75 84 77 57 77 72 68 75 64 74 77 77 83 71 82 84 83 80 80 70 62 68 80 75 83 84 84 81 82 73 77 66
69 74 73 83 49 79 83 84 84 81 78 76 79 84 53 76 73 69 75 80 79 76 80 85 69 81 82 85 81 81 69 63 60 81 73 84 81 83 85 81 61 74 64 68 73 80 70 38 66 84 78 84 80 77 70 78 80 57 79 75 75 78 77 77 79 80 85 70 84 83 85 83 74 70 64 61 82 83 85 84 85 84 83 72 79 75
64 68 79 79 47 79 84 81 85 81 75 79 79 75 71 66 74 66 72 76 71 77 76 85 69 80 83 84 81 82 58 56 66 80 81 85 79 82 83 82 70 72 66 74 76 83 73 51 66 84 77 80 77 77 74 79 79 47 77 75 66 72 68 74 79 73 84 71 83 84 84 80 82 75 62 59 82 80 85 83 83 84 75 67 75 67
59 75 80 81 55 82 81 84 85 84 78 79 73 82 70 69 75 76 79 77 76 73 78 85 62 83 84 85 84 80 57 76 62 84 77 85 84 85 85 84 75 74 61 74 76 81 73 58 74 82 82 84 74 78 76 77 81 60 78 72 76 80 75 75 79 76 85 68 85 83 85 81 83 71 73 64 83 77 85 82 85 85 82 75 75 59
64 72 79 72 54 72 82 78 84 80 77 75 77 81 52 72 73 67 73 79 73 73 76 85 67 81 83 85 82 80 68 72 63 82 81 84 80 84 82 80 75 72 64 69 77 76 65 45 68 85 77 83 73 83 75 83 83 56 70 69 73 76 68 73 78 75 85 66 85 85 85 82 79 76 69 57 82 79 85 84 85 83 80 71 75 62
68 79 74 58 48 76 85 79 82 80 74 76 80 79 55 74 76 73 73 73 82 82 81 85 69 77 84 85 82 83 60 64 62 82 77 85 81 85 83 79 67 73 63 76 75 78 65 48 71 83 79 83 78 80 76 79 83 56 80 73 76 73 66 74 82 77 84 64 81 85 84 80 83 66 59 61 83 79 85 80 84 82 81 72 76 61
59 68 73 67 39 71 84 74 83 77 67 70 65 74 51 80 70 64 66 66 79 79 79 85 64 79 81 82 74 81 53 45 50 77 81 84 78 79 80 78 51 60 61 64 69 75 62 29 62 75 72 72 70 70 72 76 74 58 82 68 69 75 68 77 76 77 77 71 81 83 77 75 74 74 45 54 77 77 84 77 79 72 74 59 64 58
53 61 74 75 55 76 82 81 85 77 81 70 75 80 49 72 66 66 71 72 72 67 74 85 68 78 80 84 83 73 53 66 57 82 72 84 76 85 82 80 74 69 61 72 70 74 56 47 66 84 76 83 75 80 61 79 80 54 71 68 70 70 56 69 78 74 85 60 78 84 85 81 76 72 67 64 85 80 85 82 85 84 81 72 77 60
53 70 72 68 39 65 76 75 83 71 72 70 77 72 50 79 67 72 71 62 74 78 76 84 67 83 83 82 71 77 62 50 46 79 79 85 80 80 81 77 70 68 60 64 70 77 67 42 70 82 76 80 73 70 72 75 74 57 76 67 65 66 69 73 70 76 82 66 73 82 84 76 69 63 66 49 78 80 84 77 82 80 78 64 74 58
65 73 75 67 51 75 84 82 85 78 74 59 74 78 49 69 73 73 75 67 73 73 73 83 73 78 81 85 82 80 66 69 63 81 77 85 80 83 82 82 72 63 64 65 76 73 56 51 74 85 80 84 73 77 55 73 78 47 72 77 74 77 60 74 77 78 84 62 81 82 83 83 79 68 63 67 81 70 84 81 85 83 77 74 73 64
56 74 75 77 55 72 85 81 84 81 74 67 74 76 49 75 71 68 66 78 76 80 83 85 72 79 83 85 76 76 59 58 50 80 70 85 78 83 81 78 69 67 64 73 76 80 65 45 66 85 75 83 75 80 62 75 75 54 79 66 68 66 61 73 75 79 85 70 79 82 83 77 81 72 56 56 80 77 85 82 83 81 81 72 73 64
66 63 79 70 53 70 80 77 82 77 75 69 80 78 66 80 69 64 61 67 81 73 83 85 72 78 84 85 76 82 62 57 57 79 69 85 79 82 84 80 59 70 57 64 74 77 69 44 72 81 73 79 76 75 74 73 72 61 80 73 68 72 66 74 79 77 84 67 77 84 83 75 78 72 57 59 84 73 85 83 83 83 77 67 81 62
63 76 78 78 58 78 84 78 84 81 74 81 74 78 74 79 65 68 65 78 79 76 80 85 58 79 85 84 75 80 63 67 61 80 79 85 79 84 81 81 69 73 63 71 70 80 69 56 74 83 75 81 80 76 77 70 76 66 80 65 69 69 74 83 80 79 85 64 80 84 85 80 80 68 61 60 81 76 85 82 85 83 81 72 78 67
67 73 76 65 51 67 79 79 85 79 73 66 65 79 58 69 75 68 74 66 74 73 74 85 67 81 84 85 78 75 59 61 59 82 78 82 74 83 83 77 62 68 57 65 74 77 70 46 66 79 72 80 69 77 63 80 78 46 75 75 71 70 64 70 71 74 84 68 82 84 82 77 74 64 58 57 79 72 84 82 85 85 80 65 77 64
52 76 81 73 52 75 85 77 85 82 74 75 72 72 58 69 76 68 78 66 75 80 81 85 72 81 84 83 80 80 68 64 61 82 69 85 78 83 82 85 75 71 73 70 76 82 69 54 57 78 78 79 75 80 71 78 72 58 82 77 75 72 62 80 77 80 85 75 84 85 83 80 80 74 60 59 82 72 85 85 84 80 81 75 76 70
58 66 78 66 49 68 82 75 85 77 76 63 80 75 58 75 68 69 71 67 76 77 76 85 64 79 83 85 79 72 58 62 54 79 69 85 82 84 81 81 56 68 49 60 73 74 76 43 61 85 74 80 74 73 70 73 77 54 73 65 72 73 65 70 74 72 85 71 82 84 85 77 77 67 65 60 82 66 85 78 83 82 79 58 70 53
62 72 78 65 55 77 82 78 84 75 79 71 75 76 54 74 76 68 71 69 76 76 74 83 76 79 81 83 78 82 60 71 64 84 81 84 80 84 85 77 73 80 70 73 71 81 73 37 77 84 80 84 83 74 72 75 82 46 78 63 66 58 70 77 79 73 84 79 78 84 84 80 84 68 66 55 84 83 84 83 84 84 81 63 76 70
52 62 70 75 42 73 75 79 77 77 74 71 75 80 47 72 66 70 71 68 71 72 69 84 73 76 81 84 73 75 60 62 47 83 68 85 76 83 82 80 68 72 65 64 68 76 62 53 71 80 79 74 72 77 68 73 72 46 78 61 65 70 56 79 78 77 85 65 79 82 84 76 79 54 61 43 81 75 84 79 85 83 78 67 68 60
72 73 75 69 34 76 83 85 82 80 79 74 78 82 65 71 70 72 69 73 74 76 76 84 69 81 80 85 80 80 51 54 49 80 73 83 81 81 81 82 62 58 57 71 73 77 63 33 69 84 75 81 75 76 63 82 78 46 73 70 75 71 64 74 75 79 84 70 83 84 84 80 79 72 54 58 79 75 85 81 83 84 77 66 67 61
56 64 74 64 49 72 83 77 85 76 68 64 75 76 61 66 74 69 76 73 71 73 75 85 67 79 84 84 79 68 50 63 61 79 71 85 77 82 83 81 64 63 58 66 75 74 57 47 62 82 76 82 67 72 73 73 78 59 65 78 72 81 60 67 74 73 83 57 83 85 83 76 71 67 53 52 79 73 85 80 84 82 80 62 71 57
47 66 76 67 54 68 80 60 82 76 73 68 68 65 59 72 71 68 67 70 77 69 78 84 71 80 84 85 73 78 63 56 48 77 71 85 76 80 76 78 67 64 65 51 59 77 72 42 69 80 63 82 73 75 67 68 67 52 76 67 67 73 67 79 72 80 85 57 78 81 84 76 80 64 57 50 77 71 85 77 83 83 79 64 71 54
64 72 76 76 60 73 82 80 83 78 82 71 80 77 60 80 69 73 68 72 79 77 79 85 70 79 84 85 82 79 64 57 62 83 76 85 82 85 85 83 79 69 59 74 72 73 70 53 70 84 78 79 79 80 74 79 80 61 82 73 71 72 69 79 78 76 85 63 76 82 84 82 80 68 66 62 79 82 85 82 85 83 83 75 78 66
52 62 73 69 41 65 79 72 82 77 74 62 78 65 55 76 70 68 68 72 76 70 73 84 71 77 82 83 76 80 67 54 51 77 72 83 76 83 78 77 61 67 60 70 69 78 62 27 62 82 73 77 69 76 63 74 77 46 75 64 70 68 59 71 72 76 83 64 75 82 83 78 76 58 52 60 80 68 85 81 83 80 73 65 71 65
70 72 71 75 48 76 81 80 84 82 73 77 72 81 59 76 67 69 67 70 77 76 77 85 66 79 84 85 83 79 62 55 60 82 80 85 84 84 83 85 70 67 68 66 69 67 64 49 68 77 71 82 72 82 71 76 78 66 77 68 76 72 72 79 78 75 85 74 83 84 84 80 79 76 63 59 81 78 85 81 83 83 81 70 71 59
60 73 69 71 56 74 82 81 84 78 71 68 71 74 58 71 59 63 59 66 74 81 68 85 66 77 80 85 74 76 55 56 49 75 76 85 76 82 79 79 67 61 59 67 70 75 68 56 67 81 75 77 68 76 60 65 73 51 79 63 62 60 57 68 79 75 84 75 75 82 84 79 77 66 58 51 83 76 85 83 84 78 74 69 67 59
60 77 79 72 37 79 85 80 84 81 78 76 75 79 48 77 77 72 78 81 73 79 80 85 74 84 84 84 83 72 59 59 66 83 76 83 80 83 83 77 75 68 64 72 81 82 65 30 76 82 80 83 83 78 72 77 80 59 76 68 73 72 67 72 82 79 85 71 84 83 85 80 77 67 63 61 83 77 84 80 83 82 77 75 70 65
72 78 80 74 55 80 82 83 83 77 78 75 76 81 64 75 78 69 77 77 75 82 83 85 76 80 84 85 83 77 62 70 65 83 78 85 77 83 81 83 63 64 70 71 76 83 73 53 69 84 79 83 79 77 71 80 83 65 82 76 71 81 75 80 78 79 85 67 83 85 84 81 82 68 58 62 80 80 85 79 84 83 83 66 74 59
55 66 75 60 45 63 80 69 82 63 76 59 73 66 48 74 71 65 71 63 72 77 76 85 68 78 79 82 74 72 59 53 52 77 75 84 78 81 77 77 54 58 53 63 59 74 62 40 56 78 69 78 66 70 66 68 73 42 77 71 62 68 68 76 74 75 83 62 73 79 83 76 81 59 52 54 73 77 85 77 82 80 77 61 64 56
67 67 79 71 50 71 78 79 80 79 74 71 66 80 62 79 62 60 65 77 71 78 77 85 74 77 85 85 75 75 64 56 56 81 77 85 78 82 82 78 62 67 62 68 66 68 66 54 70 85 73 82 74 82 64 72 77 48 79 64 67 67 62 79 80 78 85 67 77 82 85 75 81 60 57 60 78 75 85 80 83 77 80 63 75 61
64 68 76 80 47 78 84 82 85 74 72 78 76 79 61 79 73 70 72 79 81 77 78 85 75 83 84 84 84 84 66 66 59 82 82 85 80 85 83 81 78 76 69 70 74 78 72 45 66 83 83 82 76 76 73 81 82 63 78 65 77 75 75 79 77 75 85 73 81 84 84 80 80 79 66 62 83 83 85 82 83 84 83 76 82 68
69 67 78 76 60 81 83 81 82 82 79 79 77 83 63 80 75 72 74 76 77 78 78 85 70 77 83 85 84 83 68 66 74 83 76 84 79 84 85 84 72 75 69 69 77 75 67 34 74 85 82 84 77 83 77 78 82 53 81 79 77 79 62 79 82 78 85 73 81 83 85 84 84 72 55 66 84 76 85 83 83 83 83 72 76 73
65 76 81 76 46 75 83 80 84 77 76 73 82 79 48 74 70 64 67 76 74 83 79 85 69 84 85 84 79 77 64 56 58 81 81 83 78 85 82 81 67 63 63 71 80 76 73 43 74 82 77 81 75 72 75 72 79 68 74 74 65 75 76 74 74 76 82 67 81 84 82 79 79 66 47 59 81 79 85 82 82 82 80 70 69 71
60 63 71 70 44 64 77 78 78 70 72 64 79 75 48 70 69 67 68 63 78 68 72 84 73 82 81 82 79 79 58 52 63 77 81 84 79 84 82 80 62 67 64 67 63 71 72 36 72 77 69 79 73 74 62 67 79 58 73 68 64 67 72 74 64 70 84 60 79 80 84 77 77 59 46 48 81 77 84 82 84 84 81 75 72 66
62 75 74 72 56 71 80 77 84 75 79 73 78 77 62 81 71 69 67 72 82 78 78 85 73 81 83 85 79 78 77 68 59 80 77 85 80 83 82 78 70 74 69 69 66 77 67 47 74 84 79 82 78 84 70 76 79 51 81 65 68 66 63 81 79 80 85 64 80 83 85 82 80 69 66 55 81 76 85 84 85 84 81 76 82 74
66 74 76 77 53 77 82 79 84 81 79 77 77 82 55 74 73 72 70 73 77 78 78 85 76 80 83 85 79 80 64 65 64 83 72 85 80 84 82 80 72 75 75 62 77 77 73 48 75 85 77 81 77 81 70 81 83 60 79 77 72 76 64 79 79 78 84 68 84 85 84 79 78 70 63 49 82 74 85 84 85 84 81 69 75 67
54 67 73 72 43 68 81 81 82 77 78 71 78 69 55 74 70 63 65 71 78 78 77 85 64 79 84 85 76 77 60 47 52 81 69 85 77 84 84 81 63 70 62 66 65 71 67 56 64 81 73 79 74 79 63 72 72 52 76 62 68 71 63 72 80 73 84 61 80 84 85 78 79 63 64 58 82 76 85 81 83 83 80 65 77 65
55 73 76 71 61 76 85 82 85 81 76 73 76 78 64 77 75 66 73 68 71 80 78 85 69 78 84 85 80 79 58 64 64 81 72 85 75 84 83 84 71 63 58 60 71 76 66 57 72 78 73 83 79 76 73 72 75 61 84 68 74 77 63 81 84 77 85 63 77 84 84 78 82 71 61 59 76 75 85 80 85 84 82 69 77 61
59 64 77 82 56 75 82 72 85 85 84 76 78 76 61 77 69 73 69 69 76 65 75 85 74 82 84 85 78 81 72 66 53 77 77 85 82 85 84 81 76 75 63 60 74 80 78 58 71 83 76 82 76 72 77 76 78 65 80 72 73 72 76 78 77 74 85 68 83 84 84 80 81 73 66 55 83 76 85 81 84 81 79 72 73 63
69 71 81 77 71 83 85 82 83 82 71 75 82 77 62 82 72 68 74 78 75 81 82 85 63 78 84 85 82 80 50 74 63 84 77 85 81 85 84 82 75 71 59 71 67 77 66 68 76 83 80 84 80 78 78 81 80 63 81 70 73 73 74 76 82 78 85 62 84 85 84 84 79 67 71 72 85 79 85 85 85 84 83 71 73 68
63 78 71 67 44 65 78 73 82 75 66 68 75 75 47 75 72 64 70 68 75 82 79 82 70 75 79 80 77 77 57 60 54 81 75 84 75 83 81 77 71 58 66 73 62 63 63 42 54 77 72 84 79 75 76 78 74 61 76 62 62 67 61 76 77 76 84 59 72 81 83 80 75 63 43 69 78 79 85 78 83 84 82 75 70 69
67 73 79 66 42 80 84 82 85 80 79 69 81 80 56 77 78 77 73 62 81 74 81 85 69 81 83 85 83 83 71 69 60 83 73 84 80 83 82 82 66 74 69 73 68 76 59 34 75 83 77 80 81 78 70 78 79 56 77 76 74 75 69 77 76 80 85 72 79 85 85 82 79 71 67 67 82 79 84 80 85 83 82 71 80 74
65 65 76 63 31 76 81 74 83 77 73 72 73 78 56 66 73 61 68 64 74 72 73 83 71 80 83 83 81 72 62 49 59 79 70 83 77 81 76 76 62 62 54 61 72 72 62 29 73 81 75 82 71 68 69 72 74 53 76 66 65 68 65 79 75 74 84 64 78 84 85 77 76 67 38 61 78 74 85 80 82 76 80 64 74 60
51 69 67 79 51 75 79 78 82 80 67 71 75 74 56 73 62 71 66 73 66 75 71 84 63 81 83 85 76 63 57 62 49 79 78 84 73 83 83 79 58 63 53 52 60 76 69 43 62 76 74 82 69 74 70 83 71 57 72 63 72 72 66 68 77 68 84 63 80 83 84 71 62 68 59 47 77 77 85 80 82 80 80 63 68 56
59 63 73 77 40 72 84 71 81 79 74 69 69 70 54 79 65 60 59 70 76 71 79 83 63 75 82 83 73 76 64 55 48 79 78 85 76 81 78 78 72 62 66 60 66 76 68 32 66 78 77 78 74 82 64 79 73 51 76 68 71 71 67 68 78 78 80 71 81 84 81 75 66 74 52 43 81 75 85 81 81 76 78 59 62 55
43 64 76 75 57 66 80 65 83 75 73 64 82 64 56 74 73 60 67 64 74 76 76 85 70 76 85 82 65 76 67 55 50 75 77 85 82 78 78 79 64 69 53 52 70 77 65 51 67 78 75 84 75 68 70 73 71 50 77 66 61 66 59 66 73 77 85 58 84 85 83 70 67 67 55 51 75 84 85 77 81 75 74 66 65 62
56 68 77 72 55 71 81 80 82 73 75 77 82 76 59 75 70 74 72 69 76 80 80 85 66 82 84 84 78 77 64 56 56 82 73 85 81 85 83 82 72 74 56 65 71 77 72 58 76 84 82 82 79 74 68 73 76 60 78 69 68 70 63 79 79 78 85 63 81 83 85 75 78 67 62 62 83 78 85 81 83 83 83 71 78 68
71 77 76 81 62 76 85 80 85 81 79 78 78 81 69 78 74 71 78 74 81 82 78 85 71 83 85 85 82 84 72 78 61 83 74 85 80 84 82 83 73 66 60 67 83 84 75 55 71 84 78 84 77 81 71 81 81 67 80 73 73 78 68 83 81 82 85 72 85 85 85 80 80 75 74 57 80 80 85 84 84 82 83 79 72 57
51 78 78 73 50 68 82 77 79 79 70 73 69 64 50 81 71 62 66 74 71 76 76 85 72 83 81 85 71 74 65 55 54 73 77 85 76 81 77 79 62 55 54 59 75 74 69 47 64 81 67 82 75 70 64 75 71 53 81 66 71 70 70 73 80 77 84 65 81 85 84 71 77 69 50 48 74 72 85 77 81 77 78 58 65 61
63 71 76 64 38 79 84 79 81 80 78 67 79 77 57 67 69 67 77 67 76 75 79 85 69 81 84 84 75 78 67 69 59 81 66 84 80 83 81 81 65 73 59 64 77 77 67 45 76 82 78 83 79 79 60 68 79 57 76 76 68 77 66 79 82 76 85 65 81 84 85 80 80 55 69 56 83 71 85 81 84 80 80 71 70 60
65 70 75 69 47 68 74 71 80 69 66 64 59 73 32 78 73 59 72 62 69 72 76 84 61 77 79 79 79 75 39 44 67 84 76 84 80 85 83 80 59 53 75 74 71 72 61 47 66 78 74 80 70 65 61 65 73 43 75 70 65 71 61 74 77 75 84 57 76 82 81 75 80 42 44 69 80 70 84 79 84 83 80 70 63 65
76 78 79 69 47 79 80 73 84 79 79 77 80 82 66 75 77 70 76 71 76 77 78 85 76 79 81 82 81 82 67 70 73 82 78 83 83 83 82 79 75 67 70 71 71 73 73 42 76 85 82 84 81 77 76 78 83 63 78 73 70 77 70 77 81 77 85 63 81 83 85 82 81 70 43 64 82 81 84 82 84 84 82 74 71 61
70 75 80 76 56 74 84 82 84 83 79 78 80 81 62 76 79 73 72 74 79 80 81 85 77 82 84 84 82 84 57 70 53 83 79 85 81 85 82 80 76 75 71 65 76 82 75 44 73 84 84 82 82 81 78 80 83 65 71 79 76 76 73 80 80 80 84 70 83 85 85 81 85 73 65 60 81 82 85 82 84 83 80 74 77 71
70 78 80 79 52 81 85 82 83 81 81 75 83 79 59 72 77 77 77 81 81 73 76 85 73 84 85 84 80 81 74 64 66 83 73 85 80 84 83 82 66 69 60 76 77 79 72 45 71 83 79 84 81 81 79 77 82 63 81 74 74 76 67 81 81 78 85 59 82 85 85 81 83 72 65 69 79 72 85 82 84 83 84 70 77 60
56 72 75 72 41 64 81 67 81 78 71 69 71 72 46 75 75 67 70 68 76 74 75 85 65 81 82 84 74 81 64 56 56 81 67 84 72 83 76 76 61 64 57 49 73 78 70 42 65 78 66 78 72 74 70 64 71 53 75 72 70 74 57 73 72 77 85 64 81 84 84 75 80 68 58 55 79 70 84 75 81 80 81 72 63 63
75 74 80 67 35 78 81 78 84 76 79 74 74 79 60 72 69 69 70 79 76 80 79 83 67 80 83 84 79 78 70 57 70 82 79 84 79 81 80 79 67 68 66 73 68 77 64 31 77 82 77 84 77 81 66 76 78 51 75 73 74 78 74 74 76 79 84 66 83 84 84 80 82 69 55 67 81 81 85 82 85 83 82 69 70 63
51 72 77 75 45 69 81 73 82 78 76 77 78 72 62 79 73 76 75 71 77 77 77 85 80 82 84 84 78 79 67 60 62 81 71 85 83 82 81 76 69 66 57 63 81 82 73 38 74 80 73 83 78 77 74 76 78 61 79 72 75 76 64 76 77 78 84 73 83 85 84 82 81 76 58 59 78 72 85 81 82 79 79 67 65 60
59 77 79 79 48 85 84 85 85 83 80 80 79 81 53 76 72 72 66 78 78 80 81 85 73 82 85 84 82 80 75 71 65 83 77 84 80 84 82 84 71 58 62 76 76 80 64 52 74 85 80 83 80 81 74 80 79 54 76 70 78 79 64 73 79 81 85 72 82 84 85 82 81 80 63 72 82 79 84 80 85 82 83 71 74 73
62 73 79 79 56 80 85 85 85 84 77 73 71 83 68 80 73 73 72 76 79 84 82 85 65 81 83 85 80 83 58 73 58 79 74 84 79 85 83 84 73 75 69 67 73 74 49 56 75 84 82 77 74 82 70 76 83 66 82 72 78 71 59 84 75 79 85 82 84 85 84 79 81 73 74 53 82 83 85 82 85 84 83 74 79 64
53 69 73 77 53 68 80 69 82 72 65 71 68 70 51 76 66 63 66 65 77 78 73 84 65 78 84 84 77 67 63 45 52 81 77 83 74 82 78 72 48 62 51 64 70 74 69 46 66 78 74 80 71 74 71 73 69 59 72 63 64 69 64 68 73 72 84 63 71 82 82 75 71 63 52 56 72 80 85 73 79 79 80 65 64 59
78 71 80 79 69 77 84 81 83 82 78 76 81 84 66 78 75 81 78 80 82 81 81 84 74 84 83 85 84 81 68 71 70 84 82 84 83 84 84 83 78 73 70 80 82 82 73 36 77 85 84 83 85 84 77 84 85 59 72 76 83 81 70 74 76 79 85 78 85 85 85 85 82 76 59 74 83 78 85 85 85 85 81 79 77 75
67 69 74 71 47 67 78 74 84 77 77 72 70 75 62 79 68 66 71 72 74 76 78 85 74 79 84 83 81 73 64 54 57 79 78 84 81 82 80 80 66 61 59 61 75 78 70 48 72 81 71 83 75 71 76 71 72 62 78 69 68 65 67 75 79 74 84 73 76 83 84 77 78 67 58 51 82 79 85 82 84 80 76 72 67 63
57 72 79 76 47 77 84 81 85 83 74 68 79 81 59 72 74 74 71 64 71 80 78 85 69 81 81 84 81 78 52 70 55 83 75 85 78 83 84 82 75 73 64 69 68 78 68 47 71 83 80 81 76 80 67 76 82 53 71 72 75 75 66 78 73 80 85 63 82 83 83 83 82 65 65 62 83 76 84 81 85 79 80 77 76 63
73 69 79 76 57 72 82 78 83 78 72 75 78 82 66 76 72 65 70 76 78 75 79 83 74 77 83 82 81 82 58 59 64 83 67 84 81 85 84 80 72 78 69 64 66 72 75 44 64 78 75 84 74 81 72 80 77 52 81 73 70 75 67 75 77 80 85 57 82 85 84 80 77 51 58 60 84 73 85 84 85 82 80 74 78 61
74 75 80 77 26 73 83 78 84 80 73 69 67 77 59 79 76 71 71 72 81 78 78 84 59 76 82 85 81 84 65 61 70 79 70 85 77 83 83 85 70 66 66 72 67 79 69 39 61 81 77 82 74 80 63 71 78 56 78 75 73 76 67 79 78 80 85 56 82 83 84 77 82 75 58 65 82 73 84 82 84 83 81 67 73 73
73 77 79 61 41 70 85 80 82 79 69 70 74 80 46 77 64 59 67 62 76 80 81 84 64 78 82 84 81 80 60 69 66 84 78 84 75 83 83 82 75 66 59 62 73 77 76 45 69 83 76 82 76 77 72 78 76 58 76 62 71 72 74 81 75 77 84 68 80 81 83 76 80 65 63 55 79 71 83 78 84 80 79 74 74 60
60 70 73 71 36 73 83 76 82 77 81 72 83 79 60 80 73 81 77 72 77 72 78 84 82 84 85 83 82 78 67 51 56 80 77 84 78 79 80 80 67 62 59 74 71 76 67 36 71 83 80 80 75 78 74 73 81 60 77 72 71 76 64 80 74 77 84 63 84 85 85 83 82 73 49 58 81 76 84 80 83 82 81 68 71 66
56 64 81 70 49 74 79 76 82 71 71 68 70 72 59 74 73 65 65 65 67 77 76 85 64 76 83 84 71 77 59 57 64 82 72 84 78 84 83 77 74 58 58 68 69 75 69 44 69 79 77 81 72 74 67 78 80 55 73 65 60 65 68 65 74 71 84 60 74 84 83 77 76 70 51 54 78 75 84 82 83 81 79 68 73 58
79 75 78 78 53 78 84 78 85 80 80 77 79 81 65 76 78 75 77 75 75 83 79 85 75 79 84 84 84 82 62 68 74 84 81 84 82 84 82 81 75 71 67 76 77 81 76 42 72 85 81 84 79 82 77 81 82 61 77 76 74 78 70 79 80 76 85 64 82 85 85 83 81 70 67 71 83 79 85 77 85 84 83 72 75 66
57 66 69 71 51 72 83 74 85 71 76 70 77 78 62 78 71 69 68 75 75 84 70 85 67 78 81 84 79 76 63 65 64 83 75 84 78 84 84 83 72 65 64 71 66 76 70 38 67 82 78 83 67 76 79 70 79 57 78 70 66 69 64 82 82 70 85 57 74 82 84 80 82 62 59 62 81 75 85 78 85 83 83 74 72 63
58 68 69 74 42 71 82 82 85 81 77 75 68 81 55 72 69 75 72 73 76 78 72 85 64 81 84 85 80 72 59 68 58 83 82 85 81 84 80 84 75 60 75 67 71 76 65 42 72 83 76 82 68 78 71 75 81 54 70 66 76 76 69 70 75 73 84 63 82 83 83 82 77 70 57 70 82 76 84 81 84 83 80 71 76 78
57 66 77 68 44 69 78 78 84 81 77 73 69 75 57 78 66 68 74 74 81 78 82 84 62 80 83 84 78 80 56 53 54 82 77 85 80 83 83 79 68 72 62 59 73 74 71 39 70 82 78 80 78 77 69 78 70 53 75 65 74 68 68 77 76 77 83 62 78 83 84 76 73 67 66 58 80 71 84 81 83 82 78 71 76 58
57 70 76 76 38 77 81 78 84 81 78 67 79 78 54 71 66 76 77 72 75 78 76 85 66 79 83 85 79 80 73 60 62 81 62 84 82 84 83 81 64 73 58 66 70 76 73 41 74 82 78 80 78 79 69 76 78 59 75 68 73 76 58 76 77 75 85 63 79 84 85 80 81 70 63 64 81 63 85 79 84 83 81 68 76 66
60 78 76 62 46 77 81 82 83 76 78 67 80 79 49 75 74 71 75 62 74 80 77 85 77 82 85 84 80 73 67 60 58 81 79 85 80 84 84 80 70 70 71 73 79 72 59 46 64 81 75 82 74 76 72 73 77 49 76 74 73 76 59 71 80 77 84 69 84 84 82 79 72 70 63 72 80 75 85 82 84 83 81 74 76 72
55 64 77 62 25 68 79 77 77 75 76 61 78 78 47 64 69 67 69 58 68 74 75 84 76 79 83 82 77 72 55 54 56 79 67 83 80 81 78 76 61 68 60 56 72 66 67 27 62 81 74 74 75 77 72 80 78 43 77 61 71 71 60 73 76 74 84 68 76 80 82 77 66 62 52 38 79 74 83 79 81 82 80 71 67 56
66 74 60 68 41 81 84 79 85 82 73 71 69 79 43 76 68 76 74 68 75 81 72 83 69 77 83 82 82 80 63 59 59 81 73 85 81 84 85 81 78 64 68 65 75 65 68 35 64 83 73 81 72 75 65 74 77 57 79 71 74 78 70 77 79 75 83 67 81 82 83 77 81 65 65 63 82 77 85 77 84 83 78 74 69 60
74 72 74 81 44 80 84 82 81 83 80 81 76 82 68 72 77 76 76 81 79 74 78 85 73 81 82 85 81 83 67 71 55 81 71 83 78 82 74 83 73 59 53 70 75 75 67 49 68 81 78 81 75 78 72 81 83 68 79 75 78 75 68 80 80 81 84 76 84 84 85 79 83 77 40 49 82 78 85 83 84 81 83 73 74 64
74 77 79 80 44 82 85 85 85 83 78 84 81 84 62 84 77 67 73 81 84 80 82 85 77 83 84 85 85 84 70 72 79 84 79 85 84 85 84 85 72 72 63 74 76 77 73 57 73 81 80 82 80 80 78 80 80 72 82 79 80 78 72 84 78 82 85 79 84 84 85 84 84 82 73 71 84 81 85 84 84 84 85 79 82 71
64 65 78 77 42 77 84 77 84 83 81 70 78 80 58 76 77 70 76 81 82 73 83 85 75 80 82 84 83 83 59 66 59 82 70 85 82 85 82 83 69 68 60 70 74 76 74 56 72 82 77 83 78 80 69 82 79 63 77 74 72 74 72 79 75 78 85 67 82 83 85 80 80 62 72 66 80 78 85 82 84 83 84 68 80 64
65 65 74 75 62 80 85 78 83 80 76 72 75 82 51 79 71 62 70 82 72 77 78 85 69 81 82 85 79 81 63 67 63 80 67 84 78 84 80 77 79 62 61 73 67 75 73 52 70 84 77 79 70 74 68 78 81 52 76 66 73 72 69 76 73 75 84 65 83 84 85 80 81 74 61 63 85 75 85 78 85 82 82 70 74 60
52 71 80 77 52 77 81 78 84 80 79 78 75 75 54 76 76 66 73 81 75 81 80 85 70 76 83 84 79 78 49 65 60 82 80 85 81 85 82 81 74 68 67 70 65 81 76 51 70 83 80 81 77 79 68 79 83 56 79 77 68 74 67 81 78 81 84 60 83 84 84 80 79 70 57 63 83 82 84 81 83 83 78 71 72 62
43 71 81 76 53 70 71 71 81 76 76 76 73 71 58 79 75 66 71 74 80 77 76 84 61 80 82 83 76 75 51 64 52 77 78 84 79 82 81 82 64 67 54 56 75 72 75 45 72 79 76 82 77 78 71 80 78 53 78 57 68 69 67 69 74 79 84 73 76 84 84 67 69 65 64 36 76 77 85 81 80 82 82 66 73 59
60 70 73 73 49 70 77 74 84 75 67 63 73 76 54 70 68 62 66 68 72 74 76 84 71 76 83 84 80 76 63 62 64 80 79 84 79 83 82 81 67 61 61 64 74 74 71 36 70 82 75 83 79 74 69 64 77 55 70 70 64 69 68 71 75 72 85 64 77 82 85 81 73 70 51 57 83 78 85 78 84 82 75 64 62 56
61 73 80 72 55 78 80 78 84 79 76 72 77 78 65 71 74 72 75 75 68 75 75 85 76 83 84 85 81 78 65 67 56 82 83 85 81 83 83 84 75 71 69 71 74 78 61 55 72 84 79 83 69 82 71 75 81 57 79 76 75 75 65 74 81 75 85 58 82 84 84 85 82 67 69 67 84 81 85 79 85 85 81 69 70 65
64 66 76 71 43 68 81 76 80 76 82 72 78 81 44 73 74 79 77 67 73 74 77 83 68 82 82 84 82 79 57 73 52 84 78 85 81 84 84 84 65 73 72 69 70 75 72 30 70 85 78 83 75 81 75 79 80 66 76 75 76 75 72 76 76 77 84 67 80 81 83 81 82 66 62 53 81 78 85 80 84 83 83 74 78 76
77 72 80 77 51 75 83 81 84 81 74 65 73 82 56 71 73 65 73 68 78 78 81 84 67 84 84 84 81 82 61 59 65 85 83 85 78 84 82 83 69 66 67 70 77 73 76 42 76 85 77 82 79 79 74 69 83 62 73 68 78 74 75 76 74 78 85 64 82 83 85 79 71 71 61 65 81 75 85 78 83 84 79 73 78 67
66 72 79 70 49 78 82 81 80 80 73 75 74 80 45 74 71 65 70 63 74 76 80 85 73 79 78 81 83 81 53 74 67 83 83 85 79 84 82 76 74 65 64 73 76 79 68 39 65 83 77 82 68 79 73 77 78 61 78 71 68 72 63 71 77 78 84 63 81 81 84 79 80 67 57 62 83 78 85 80 84 82 82 69 79 70
64 77 78 74 44 82 81 83 85 82 77 73 76 81 50 76 74 70 73 70 74 83 77 85 72 77 83 85 81 84 61 68 58 82 81 84 78 85 84 82 78 74 72 78 75 80 66 55 74 82 82 84 76 78 71 77 82 53 77 77 74 73 67 79 82 80 85 61 78 82 84 83 81 67 68 67 84 76 85 79 85 83 83 77 73 59
70 73 77 77 65 74 81 79 84 81 75 82 74 75 62 75 67 65 70 84 76 79 77 85 77 78 82 84 80 78 61 73 61 83 79 85 75 84 84 82 71 81 70 66 74 79 70 54 69 83 74 83 76 80 78 82 80 63 82 69 71 69 66 79 78 80 85 62 82 85 84 78 82 68 59 57 82 76 85 82 84 81 82 79 81 74
65 75 79 72 40 74 84 81 85 82 75 77 75 81 57 74 79 69 71 75 73 78 77 85 71 80 84 83 79 75 60 69 62 85 81 85 78 85 85 82 73 73 61 72 78 80 69 54 71 84 75 82 79 77 75 74 80 66 76 78 66 76 67 75 77 81 85 69 82 84 85 76 78 63 59 58 80 79 85 83 85 83 83 71 74 66
65 70 69 75 50 78 83 78 82 80 74 81 76 79 59 71 68 73 75 77 73 73 72 84 67 81 82 82 78 79 66 67 64 82 79 85 76 84 83 80 64 73 53 66 80 77 77 42 76 84 76 79 77 74 74 71 80 54 75 73 70 78 70 78 75 79 85 59 82 83 85 76 83 63 50 59 81 79 85 78 84 83 82 66 77 61
59 76 79 63 47 68 80 81 83 73 76 66 64 78 59 72 74 66 70 65 77 79 76 84 60 78 83 85 81 77 50 54 65 81 81 84 79 83 83 79 60 65 60 70 70 76 63 50 69 82 77 83 72 68 67 68 75 58 74 72 67 71 67 78 77 81 85 61 76 83 83 80 77 61 58 64 80 79 84 75 83 82 80 56 64 65
53 61 75 72 54 59 84 74 85 79 75 72 74 69 61 81 71 62 66 68 74 73 76 85 65 76 82 83 75 77 59 58 58 76 74 85 76 83 81 80 64 64 54 66 69 79 65 45 61 80 72 81 63 74 72 74 74 57 80 71 63 73 61 78 76 78 84 65 78 84 84 74 80 66 56 61 73 70 84 76 83 78 77 72 72 64
67 70 77 79 50 74 79 73 85 79 73 77 66 75 69 79 75 66 72 77 77 71 77 85 68 82 83 84 79 81 53 58 48 80 74 85 79 84 80 83 69 65 66 69 71 79 74 50 58 81 74 84 68 81 69 77 75 59 79 70 77 72 72 79 74 76 85 64 84 85 83 79 80 66 60 55 82 70 85 80 83 82 84 72 69 67
66 70 76 69 58 72 80 80 81 78 80 74 82 76 42 71 70 72 69 76 78 79 79 83 76 75 83 84 82 83 54 54 68 81 58 84 79 84 85 77 56 72 62 72 69 78 54 38 70 83 80 81 75 79 65 72 77 43 77 71 69 67 76 77 81 79 83 62 78 82 85 82 83 65 55 69 80 64 85 83 84 85 77 70 83 64
70 70 75 75 53 81 82 83 85 78 78 82 71 82 71 79 73 65 72 81 73 79 74 85 74 79 82 85 82 76 64 67 68 80 74 85 79 83 82 83 70 66 68 70 74 78 65 50 65 83 75 84 73 78 77 77 81 67 81 71 69 74 73 80 83 75 84 66 82 84 82 81 82 68 57 64 82 74 85 82 84 82 80 72 72 72
60 71 78 73 43 74 82 77 81 80 76 65 75 75 49 74 70 70 70 70 77 75 78 85 68 79 80 84 81 79 62 69 63 81 78 85 78 83 83 76 66 66 65 67 73 73 61 43 68 81 76 83 71 78 69 74 76 53 72 75 69 75 70 69 75 78 85 66 81 82 84 78 79 64 59 55 84 78 84 83 83 81 80 56 73 60
77 72 72 74 51 77 82 81 85 82 80 74 77 78 63 78 71 75 78 81 77 77 79 84 63 82 84 85 81 82 70 65 67 81 80 84 82 83 82 82 70 73 72 77 77 71 76 43 69 81 79 85 78 77 77 75 82 67 81 77 77 80 74 82 81 82 85 63 84 84 83 81 83 64 53 68 82 75 85 80 83 85 83 77 74 75
49 70 76 69 43 76 83 81 84 73 74 67 77 75 42 74 69 65 71 71 77 72 72 85 70 80 82 84 80 75 68 57 48 80 75 83 79 81 81 80 63 63 57 60 72 78 58 28 63 82 79 83 68 76 69 74 78 52 72 67 68 74 59 73 77 74 85 64 82 83 85 77 76 63 57 54 78 69 83 77 84 80 74 68 68 58
52 75 80 83 54 84 82 80 85 84 80 81 75 80 55 72 76 76 81 78 76 79 76 85 74 82 85 85 84 80 63 67 67 82 80 84 83 85 83 78 71 68 65 59 78 80 82 60 76 81 83 82 81 78 78 74 78 65 79 79 79 80 74 76 82 78 85 75 85 85 85 80 73 69 71 64 84 79 85 84 85 83 78 73 73 69
70 73 76 82 40 73 80 79 85 81 75 78 69 80 57 74 69 69 69 82 75 82 78 85 74 80 83 84 81 79 63 65 61 82 80 85 80 82 83 82 74 74 69 71 74 77 78 49 71 81 78 83 75 82 74 68 79 59 78 76 78 79 69 76 80 71 84 60 83 82 84 82 78 76 59 67 81 77 84 83 84 82 82 73 76 69
60 73 77 76 40 70 80 81 85 81 75 71 77 77 46 75 70 65 75 69 74 81 79 85 65 83 84 84 81 82 60 61 60 82 79 84 79 82 82 83 71 68 70 68 80 73 68 42 75 83 79 82 78 80 69 69 78 64 70 71 74 74 72 72 79 75 84 73 79 83 84 78 77 69 61 52 78 81 85 82 85 83 80 71 74 62
60 65 74 72 43 72 80 76 84 71 69 65 67 72 48 73 71 63 65 68 70 79 78 85 64 77 83 84 73 74 59 59 56 81 77 84 77 82 80 82 60 60 60 60 74 80 73 53 56 77 72 82 72 76 59 71 73 52 79 77 68 73 62 72 81 78 85 57 81 84 83 75 71 62 51 52 77 78 85 78 84 84 74 65 63 53
74 67 73 73 39 78 81 81 84 78 80 78 79 79 57 74 79 70 78 74 75 73 77 84 77 84 81 84 81 83 68 63 61 84 75 85 82 85 82 81 74 73 63 77 75 79 69 47 69 83 82 84 79 81 76 73 83 62 71 77 76 79 78 75 68 81 85 70 83 84 84 83 79 56 71 51 82 75 85 83 85 81 83 69 70 62
77 71 74 79 39 82 85 85 85 80 83 80 82 84 66 72 71 77 75 80 81 75 81 85 69 84 82 85 84 83 64 75 71 83 75 85 84 85 83 83 78 77 67 77 81 79 74 56 78 85 80 84 77 80 74 78 82 66 79 78 77 80 75 77 81 77 85 79 83 84 85 82 84 68 72 64 85 78 84 84 84 85 82 75 80 68
58 63 69 77 33 72 82 76 80 77 75 66 73 75 57 68 65 64 71 74 62 73 66 84 66 81 82 84 77 77 64 56 51 82 76 83 75 80 78 74 63 66 54 50 77 70 65 29 66 83 73 81 74 68 67 68 71 59 75 69 68 75 61 74 70 76 83 67 77 80 82 70 82 67 42 47 84 72 83 80 82 83 79 71 73 60
66 74 72 72 49 65 83 71 83 76 70 62 69 71 55 68 74 62 71 71 76 71 73 84 72 80 83 83 72 78 61 56 51 78 69 83 76 82 79 77 66 65 67 56 72 72 71 44 60 78 72 81 72 74 70 70 68 51 80 68 64 71 68 80 78 76 85 59 79 80 84 70 72 61 56 47 73 59 85 78 84 79 80 66 72 65
64 76 79 74 52 82 83 80 85 82 78 82 82 79 69 74 78 73 74 78 84 80 83 85 79 81 84 85 81 84 69 71 58 81 76 85 83 85 82 82 76 81 65 75 77 78 69 53 74 84 82 84 79 80 79 75 82 65 84 79 79 80 76 79 82 82 85 68 85 84 85 82 83 71 63 60 82 74 85 85 85 81 84 74 82 67
67 75 76 68 52 75 82 78 84 79 74 74 69 81 68 76 77 68 72 72 77 76 81 85 70 82 85 84 81 77 63 60 64 85 76 85 81 85 85 81 76 69 71 71 72 76 70 47 69 83 78 81 68 79 76 69 79 64 75 70 73 80 69 79 73 80 85 60 85 84 84 80 83 68 56 64 83 74 85 85 85 85 82 73 76 66
76 77 79 71 53 79 83 81 85 79 79 80 81 80 51 82 76 77 77 81 84 82 81 85 74 82 85 85 82 83 71 75 74 82 80 85 83 85 85 79 75 78 78 73 76 80 71 57 75 84 82 83 82 81 77 82 82 62 80 80 75 78 78 84 79 82 85 71 84 84 84 83 81 74 69 74 83 76 85 84 85 84 83 72 80 62
75 73 80 82 42 80 84 84 85 82 77 78 75 83 60 78 75 73 75 80 78 80 79 84 76 83 84 85 83 83 56 69 70 85 82 84 81 84 84 83 76 78 69 74 80 81 64 42 75 83 83 81 79 81 79 78 80 56 77 80 75 77 71 78 78 79 84 71 84 84 84 83 83 75 74 68 83 79 85 84 85 85 82 77 79 71
63 71 75 73 54 69 81 70 81 81 73 72 79 73 62 71 68 67 75 78 76 76 81 85 70 82 84 84 78 72 63 60 58 75 79 85 78 81 81 83 72 65 63 63 74 76 79 47 60 81 74 79 76 80 71 73 78 52 74 67 72 71 67 75 78 76 85 65 83 84 84 75 75 71 57 55 79 79 85 84 82 83 81 72 74 65
52 78 77 77 55 80 83 77 85 83 77 76 77 80 72 76 76 68 72 78 78 78 80 85 72 81 84 84 80 80 64 69 67 79 76 85 80 83 83 82 76 71 72 60 72 73 75 51 75 84 82 81 79 82 80 82 81 59 73 72 75 77 71 75 78 75 83 69 83 84 84 81 81 76 63 59 84 80 85 84 85 84 83 73 77 68
47 67 77 77 60 78 81 76 80 83 73 69 75 76 61 69 62 64 64 69 71 74 75 85 70 79 84 85 74 78 52 67 53 80 71 85 84 84 84 80 72 74 57 62 71 75 72 53 70 83 69 77 73 76 71 80 71 61 76 63 66 66 65 67 67 74 84 67 81 82 84 77 73 61 68 49 84 77 85 83 84 83 79 78 75 64
56 72 77 73 40 82 83 71 83 82 76 74 74 73 62 68 74 67 72 69 74 66 80 85 61 83 84 84 75 79 62 61 49 82 72 83 81 82 83 81 65 73 63 70 70 77 75 33 73 82 76 82 77 76 64 74 80 53 70 75 74 71 65 75 69 78 85 65 81 80 84 82 81 63 65 58 80 73 84 78 83 82 77 70 75 67
65 72 79 76 62 79 84 81 82 74 78 75 77 76 62 79 72 63 66 77 77 76 80 85 73 80 85 84 81 84 63 63 62 81 77 83 80 81 83 81 67 66 63 68 72 79 62 53 71 83 83 76 76 80 80 80 78 59 75 74 70 69 69 79 73 77 82 60 82 85 84 79 80 68 63 60 79 75 85 82 85 85 83 74 77 60
54 74 81 77 54 80 81 84 85 82 81 79 77 78 65 84 71 74 71 76 81 81 83 85 70 81 85 85 79 79 72 68 61 83 81 85 81 85 84 81 76 76 75 67 78 81 70 60 76 83 80 83 77 83 72 77 79 63 81 70 75 71 65 80 81 84 84 73 81 85 85 83 81 73 72 52 81 78 85 85 84 83 80 79 80 77
52 71 75 76 49 70 84 76 84 81 67 75 73 74 55 76 65 57 68 81 72 75 75 84 62 77 82 84 80 79 59 62 50 77 81 85 81 83 77 84 63 66 68 68 74 71 65 46 59 81 74 82 69 80 67 76 74 48 75 66 64 72 70 80 80 76 82 57 79 83 83 74 80 68 54 60 77 78 85 82 83 81 81 71 73 65
73 73 79 78 40 77 82 77 85 80 75 73 71 78 57 77 75 67 68 80 73 74 75 85 65 77 82 84 83 82 63 65 59 82 79 85 76 82 83 83 68 64 51 73 73 72 72 41 64 83 78 79 73 78 68 81 81 56 73 75 70 74 67 77 73 75 85 57 80 81 84 82 79 64 58 54 80 77 85 79 83 83 79 69 76 60
68 71 78 73 51 78 81 77 83 74 74 68 80 82 49 75 75 72 74 65 73 79 79 84 69 81 82 81 81 79 58 58 60 82 82 84 81 84 84 78 74 71 67 69 71 77 76 38 74 82 75 84 76 78 74 70 82 56 76 67 73 75 74 79 78 79 84 64 81 84 84 82 74 64 48 59 80 81 85 82 84 84 81 77 72 60
72 72 76 78 59 78 85 83 84 83 82 74 81 84 62 73 75 70 76 76 77 71 76 85 71 82 83 85 83 84 70 74 60 84 77 85 81 85 85 83 74 75 64 79 74 72 68 51 68 85 83 84 72 77 73 78 82 63 67 70 79 80 69 79 73 76 85 78 85 84 85 83 84 73 71 71 84 79 85 84 85 84 84 73 77 73
77 67 78 74 44 74 84 82 85 79 76 69 80 80 58 72 74 68 67 70 74 77 73 85 64 81 82 84 83 83 70 66 77 84 79 85 81 85 84 81 76 72 71 76 74 78 66 41 75 84 81 85 76 80 71 73 79 58 66 62 75 76 69 67 80 71 84 66 81 83 83 82 83 69 68 71 83 79 84 83 84 83 82 77 72 63
53 74 78 71 28 75 82 83 85 78 72 64 68 74 55 73 74 64 70 68 73 72 75 85 69 76 82 83 79 77 66 49 57 75 73 84 73 79 78 74 52 61 59 65 74 76 66 44 68 84 71 80 70 77 60 75 68 49 73 74 68 74 59 76 72 77 83 62 81 82 81 77 79 66 61 56 78 70 84 76 83 84 72 50 62 57
65 72 81 68 44 75 81 77 80 80 79 74 70 79 57 77 74 73 70 80 72 76 77 85 66 82 85 85 81 79 55 58 63 80 76 84 79 83 83 78 70 66 59 68 75 77 75 40 72 82 76 81 76 78 74 77 79 58 77 66 70 70 72 80 82 79 84 69 83 84 83 78 79 69 60 64 82 78 85 83 83 84 80 59 70 51
60 75 78 74 46 75 82 80 83 76 83 73 80 78 58 78 72 70 71 76 77 80 77 85 73 83 84 85 78 81 70 59 69 82 76 85 80 84 85 83 75 81 77 66 79 81 73 44 72 83 79 83 77 73 76 73 80 64 73 70 66 71 76 80 80 79 84 59 83 84 85 79 84 63 58 60 83 81 85 81 85 85 82 76 80 66
57 72 76 80 44 71 79 71 84 79 70 69 68 74 68 66 75 64 71 66 76 72 75 85 64 78 81 81 75 68 66 58 54 82 81 84 78 83 84 78 73 67 62 60 73 80 66 43 66 82 73 80 71 68 67 66 76 61 68 74 66 73 59 71 79 72 85 76 83 84 84 79 73 64 55 59 81 80 85 79 83 83 76 68 74 64
50 71 70 68 44 76 82 79 81 79 78 61 76 68 56 75 64 62 68 73 72 78 71 85 70 78 82 85 74 74 60 65 62 80 72 85 78 84 79 73 62 59 53 58 66 75 56 54 74 81 75 80 79 73 60 70 79 60 78 60 62 70 55 71 70 67 84 61 77 84 83 80 73 65 50 55 79 72 85 77 84 83 81 67 66 57
65 68 75 79 54 83 82 83 85 84 72 81 79 83 73 80 74 75 73 79 74 71 75 85 68 81 84 84 82 75 65 63 65 83 74 84 80 85 83 81 69 68 63 68 76 78 68 47 71 82 81 84 73 77 69 75 80 62 82 74 79 76 67 83 82 79 85 65 83 84 85 79 81 67 62 62 83 77 85 83 85 84 83 77 76 66
63 74 76 78 50 75 78 77 84 79 73 79 75 79 58 77 74 69 72 73 75 78 77 85 75 77 82 85 80 81 60 56 60 78 80 84 76 82 82 83 68 66 62 68 78 77 70 38 66 83 69 84 74 83 75 78 70 58 76 76 76 79 68 76 76 77 83 66 84 85 84 77 80 72 42 47 77 79 85 82 84 81 79 71 78 60
53 69 81 67 40 70 82 78 84 74 73 75 79 78 52 73 74 72 68 71 71 76 78 85 61 80 85 85 81 74 56 53 54 83 74 85 79 84 84 82 75 69 64 71 76 78 65 50 74 80 81 79 78 78 71 70 80 65 78 70 70 72 65 74 82 76 84 66 80 84 82 79 77 69 67 52 78 74 85 81 84 83 80 72 78 53
57 74 63 63 44 66 69 78 69 75 63 70 71 71 51 65 65 58 57 65 56 65 65 79 68 70 80 70 68 59 57 56 57 74 77 82 73 80 79 72 52 61 68 42 67 58 72 34 55 65 74 70 64 65 65 67 71 34 71 61 59 73 63 61 77 65 81 60 77 84 72 72 43 61 55 41 82 71 84 80 84 82 66 59 57 58
74 73 81 78 49 79 82 78 82 84 77 76 74 79 61 79 75 64 72 76 80 80 79 85 65 78 84 84 81 81 61 67 67 81 81 85 81 83 84 80 68 65 66 72 77 77 68 40 77 75 79 81 79 78 72 76 81 52 74 78 72 75 73 75 77 74 84 69 84 83 82 82 78 48 51 63 83 76 85 84 85 84 80 72 80 66
55 74 77 81 55 81 84 79 85 84 79 76 74 79 68 73 75 73 74 77 75 79 79 85 69 79 84 85 84 82 58 72 62 82 78 85 83 85 83 82 70 76 66 63 77 78 63 48 71 83 81 83 72 84 73 82 77 62 79 73 78 78 65 80 81 75 85 71 84 85 85 82 82 77 63 57 81 79 85 83 84 82 84 70 78 63
45 63 77 81 49 78 83 77 85 81 76 71 79 75 57 80 76 72 73 73 80 75 82 85 64 80 84 85 84 80 62 67 57 81 80 85 82 85 85 82 64 71 59 63 72 77 72 55 72 78 79 79 78 81 75 80 77 64 76 71 73 69 75 78 79 77 85 71 80 84 85 80 81 66 65 60 83 78 84 81 82 81 82 67 74 61
54 71 75 76 55 72 82 78 84 75 79 73 78 76 58 73 73 74 75 75 83 81 76 85 67 78 84 84 79 82 61 65 57 81 80 85 79 84 84 77 74 73 62 61 67 77 60 52 70 82 78 83 76 76 79 78 80 53 78 70 69 71 65 79 77 81 85 66 80 84 84 78 80 67 69 47 83 84 85 83 85 85 84 76 77 69
68 75 78 74 55 76 83 78 85 81 74 73 82 81 58 79 71 70 73 72 82 80 75 84 75 81 84 83 80 79 68 66 69 79 81 84 82 83 85 80 75 75 63 72 75 78 70 42 68 84 79 83 79 78 75 76 81 55 80 74 72 77 69 80 79 80 85 68 85 85 85 82 83 74 60 67 81 66 85 80 85 84 79 71 79 63
75 74 79 70 49 75 84 81 85 81 71 77 76 79 66 72 74 73 69 79 75 76 74 85 78 81 82 85 82 81 70 65 70 81 77 85 82 84 84 85 68 61 68 78 76 77 76 50 72 85 75 83 80 82 75 75 84 58 75 76 73 79 59 75 82 77 85 69 84 84 85 82 81 70 60 64 84 75 85 84 84 84 84 73 73 68
69 77 79 69 54 66 84 79 84 78 75 76 79 79 58 77 75 70 70 76 76 79 79 85 66 80 83 85 80 77 62 65 59 79 76 85 78 82 80 80 74 63 70 71 70 69 67 42 69 83 77 81 79 84 68 82 80 55 80 66 80 71 71 77 79 79 84 65 84 82 84 78 78 73 51 56 80 74 85 79 84 82 82 71 71 64
70 73 73 73 43 81 81 82 84 84 78 70 73 80 54 71 70 67 71 77 79 81 76 85 66 77 84 84 80 79 56 62 65 82 75 84 81 84 82 84 65 66 64 69 70 78 65 44 81 84 79 84 78 75 68 68 80 60 75 71 78 74 68 79 77 76 85 58 82 83 85 81 80 64 64 66 83 71 84 79 83 81 80 71 69 70
65 74 77 71 35 81 85 80 83 79 73 78 75 81 63 73 69 66 68 74 73 81 78 85 68 76 82 85 84 77 58 72 68 82 76 85 77 84 84 80 75 72 61 69 76 75 62 62 71 82 78 83 75 81 74 81 79 64 84 62 70 74 61 81 78 79 84 75 84 84 85 82 79 70 60 63 79 70 85 82 85 84 79 68 77 51
67 65 74 68 43 75 85 81 85 82 76 75 80 79 68 74 81 69 73 65 73 74 77 85 67 78 81 84 84 83 61 72 71 83 78 85 76 83 83 82 74 68 68 74 71 75 59 52 68 83 80 83 71 81 73 74 83 66 76 71 74 75 59 78 76 79 85 55 83 83 85 81 82 69 62 66 82 80 85 80 84 84 82 77 72 67
61 72 68 64 46 82 83 83 82 74 77 65 78 84 49 75 74 71 73 61 74 75 75 85 62 78 82 85 81 76 63 65 58 82 74 85 77 84 83 80 64 63 64 65 68 68 59 47 70 82 80 82 75 78 61 67 82 57 69 71 72 73 49 74 78 72 85 63 79 81 84 79 80 69 62 59 81 77 85 77 83 83 81 64 74 60
66 69 78 79 52 75 82 79 84 79 77 76 80 78 63 78 73 77 69 78 75 75 79 85 64 81 81 85 79 81 63 61 68 81 83 84 81 84 84 79 66 72 65 71 75 64 67 34 76 84 85 78 77 78 75 79 84 59 85 63 73 75 75 83 80 80 84 62 81 84 83 82 80 66 50 70 84 80 85 81 84 82 80 74 81 77
62 68 77 76 46 75 81 75 82 80 78 74 77 77 63 77 74 79 74 77 82 81 79 85 75 84 85 85 82 84 71 72 58 81 80 83 81 83 83 80 64 68 59 61 77 75 73 39 73 84 79 85 82 81 73 81 77 69 79 72 76 70 76 78 74 79 85 73 83 85 85 78 81 73 59 56 83 77 84 79 84 82 82 75 79 57
73 78 78 68 61 77 83 81 84 82 74 72 66 76 65 76 76 75 73 75 77 82 80 85 70 82 85 84 82 80 68 77 73 83 76 85 77 83 84 79 74 73 64 70 79 84 66 47 75 82 75 84 79 77 75 76 79 66 81 73 74 74 67 75 81 79 85 68 85 84 84 82 82 74 53 64 80 72 85 80 84 83 82 73 75 73
65 76 80 77 55 80 84 83 84 82 76 73 76 82 57 78 74 73 68 72 77 79 80 85 77 78 83 85 82 80 63 67 72 83 74 85 81 84 82 82 67 65 66 75 79 75 72 42 73 84 77 79 80 77 79 77 81 60 82 71 75 76 66 80 83 79 85 69 83 83 84 80 81 68 59 63 83 73 85 83 84 83 82 72 78 60
61 58 70 66 44 76 80 78 81 75 71 64 71 67 54 70 64 60 67 69 74 75 69 85 65 74 78 85 72 69 60 67 42 80 63 84 69 82 82 79 71 63 66 62 68 66 62 30 57 75 71 81 61 71 59 68 69 47 77 53 63 68 64 74 78 75 84 56 75 84 83 75 50 62 49 59 82 56 85 72 83 82 78 66 62 68
64 69 71 67 43 77 83 81 83 82 70 70 80 77 57 76 73 65 69 68 76 79 79 84 69 77 81 85 77 76 65 71 52 81 71 85 82 85 84 80 68 80 62 65 71 71 59 41 72 84 79 79 66 82 62 78 79 59 76 76 74 75 58 74 76 78 85 70 81 84 84 82 74 70 55 51 84 79 84 79 84 81 80 75 75 71
65 68 71 68 43 71 83 76 85 82 73 72 76 79 44 76 67 62 66 73 65 79 77 85 62 73 76 84 76 81 49 62 59 82 77 85 74 81 81 82 73 63 70 63 75 77 53 43 62 80 76 80 69 77 67 68 79 46 79 73 69 68 58 79 81 83 82 65 80 81 83 78 77 59 52 63 83 80 85 81 84 81 81 68 71 69
59 64 72 57 43 70 78 72 83 66 71 75 70 73 56 68 69 65 75 65 64 74 71 84 63 78 80 81 80 77 65 60 57 83 75 85 78 82 82 79 62 61 54 62 67 73 61 39 70 78 74 77 67 73 67 74 78 51 74 64 70 70 65 66 77 68 84 56 82 83 84 72 70 69 52 53 76 75 85 78 83 79 81 51 64 58
59 71 67 76 38 69 78 74 79 76 74 69 76 69 62 81 70 65 67 71 79 79 78 84 67 80 83 81 74 74 59 65 64 80 75 84 81 81 81 81 70 65 58 76 71 68 78 40 71 84 77 81 78 72 67 62 79 59 79 56 65 72 73 79 81 77 83 59 80 84 83 80 78 59 58 66 80 76 85 78 83 79 77 74 64 59
72 69 80 82 47 76 79 80 84 81 74 77 80 82 72 81 75 71 71 76 81 78 82 84 68 82 84 84 83 84 62 65 66 79 80 85 81 83 83 83 76 73 67 74 76 82 74 31 74 84 81 84 77 82 76 80 81 65 76 77 79 81 74 77 76 81 85 67 84 84 84 82 80 77 56 59 83 81 85 81 84 82 79 72 76 69
78 68 75 78 47 84 84 84 85 84 82 77 81 83 64 79 73 74 76 79 78 82 79 85 69 83 85 85 84 83 69 62 61 85 77 85 80 85 85 83 69 64 67 79 77 78 70 47 80 83 82 82 79 82 74 77 83 64 76 78 80 76 69 79 80 82 84 67 81 84 84 83 81 76 72 68 84 78 85 83 84 84 82 77 78 68
64 69 75 72 47 64 81 81 85 77 78 72 68 81 70 75 75 69 77 72 78 75 77 85 71 82 81 85 83 83 62 60 65 83 72 85 78 85 84 79 60 66 71 63 77 75 67 42 69 83 74 83 71 81 75 74 82 67 73 68 82 78 70 75 75 77 85 70 85 85 85 82 65 75 59 64 81 72 85 82 84 85 77 65 63 68
66 68 75 73 64 75 83 74 85 78 75 71 78 71 61 77 75 71 77 64 79 79 80 85 65 80 85 84 80 84 69 63 65 82 72 84 79 85 85 81 65 66 63 60 71 78 62 60 68 82 76 82 70 70 69 79 82 58 78 75 67 78 59 83 71 78 85 70 82 85 85 80 84 67 72 48 79 73 85 83 84 85 84 64 80 60
50 68 75 70 28 75 83 77 84 79 73 72 74 79 65 81 74 73 73 66 82 80 82 85 74 82 84 85 81 78 65 57 60 79 71 85 78 84 83 82 59 60 60 70 72 73 73 41 70 84 75 79 73 79 74 76 83 62 81 68 72 71 61 74 76 78 84 70 83 82 84 82 84 71 65 54 80 74 85 77 83 81 79 70 64 66
57 71 75 57 53 65 79 78 82 76 74 71 70 80 60 77 73 68 69 71 77 78 77 85 63 78 80 85 75 73 58 54 48 77 81 85 73 80 81 78 54 65 55 63 70 75 61 52 64 77 71 81 69 70 65 72 69 53 77 67 65 68 58 77 72 75 85 63 77 83 84 69 76 68 53 52 78 77 85 76 79 82 80 68 67 57
59 66 78 76 48 73 81 75 81 80 73 75 74 77 60 76 68 65 68 69 78 68 75 85 69 78 83 84 76 77 67 55 53 72 72 85 79 81 78 83 66 69 60 67 66 78 63 40 60 83 70 76 70 78 67 71 75 49 80 68 71 70 58 81 79 80 85 67 81 82 85 80 79 68 63 61 77 73 85 80 82 81 78 71 70 57
46 62 69 66 18 69 78 67 73 65 66 62 67 58 44 70 66 65 69 70 65 64 66 83 64 75 79 80 69 62 57 44 39 71 66 83 73 80 76 76 62 63 46 54 70 64 49 37 55 74 68 76 64 70 54 70 67 51 78 70 70 72 53 64 69 68 83 58 78 82 78 69 66 54 48 44 78 74 81 78 79 73 77 52 73 53
70 71 80 80 54 68 83 78 84 79 76 77 77 81 58 81 77 74 78 82 75 77 81 85 69 83 85 84 83 78 69 70 60 84 68 85 80 83 83 83 62 67 62 69 72 80 69 45 72 81 79 84 80 80 68 77 81 52 77 74 74 83 68 83 79 76 85 75 83 83 85 82 82 66 58 54 81 74 85 82 83 81 83 72 80 61
68 63 77 69 24 74 84 81 84 81 71 61 74 74 45 71 68 64 67 67 71 78 78 83 62 73 81 83 80 75 63 53 62 80 73 83 73 81 82 76 60 63 62 68 75 78 72 25 70 83 70 83 74 72 56 65 71 45 71 68 71 73 59 77 78 76 84 59 78 83 84 79 77 65 51 56 82 76 83 75 82 79 71 66 66 56
68 69 76 70 52 73 81 81 84 83 75 74 74 79 64 76 75 71 77 72 75 81 75 85 71 82 84 85 82 75 57 59 68 84 76 85 80 84 83 80 78 72 70 75 76 77 77 43 65 85 81 82 78 81 77 76 82 61 74 74 77 75 71 81 80 78 85 67 79 82 84 81 78 63 64 68 83 74 85 77 85 83 83 74 66 62
50 72 76 67 40 72 82 76 82 80 70 68 73 69 57 70 75 71 73 70 72 73 73 84 69 78 83 85 75 73 73 60 64 82 72 84 79 82 82 81 66 62 60 65 69 76 68 28 63 80 73 83 68 75 63 73 73 51 70 73 75 75 64 72 73 75 85 68 80 84 84 80 80 76 47 63 82 75 84 82 84 84 77 60 67 60
53 72 68 68 38 61 75 71 85 74 65 69 66 74 56 67 68 65 67 74 67 75 70 84 67 76 81 83 76 61 65 63 60 79 71 84 76 83 79 79 67 60 60 51 73 70 66 33 58 78 70 80 70 76 68 75 71 51 74 66 63 75 57 64 77 69 84 58 80 84 83 70 67 60 47 47 82 69 84 76 83 81 81 68 64 57
31 63 76 64 42 69 70 67 73 77 66 73 57 61 52 80 63 52 63 73 80 76 80 82 54 78 82 83 73 55 32 56 52 76 65 84 75 81 77 79 55 52 54 45 75 66 53 45 64 58 72 72 67 83 67 57 66 54 79 62 65 67 69 65 79 71 80 52 83 83 74 67 55 33 59 54 80 64 80 75 80 69 74 55 59 52
63 68 72 63 26 61 79 75 85 77 75 68 65 73 37 71 70 72 70 63 71 69 73 85 69 78 77 81 78 78 59 47 56 80 69 82 78 82 81 76 49 61 54 65 70 73 58 30 60 77 70 79 68 72 60 71 75 46 71 68 68 71 57 71 75 73 84 64 80 81 82 76 70 66 48 63 79 69 83 76 82 81 67 62 64 59
67 74 78 64 54 74 80 75 85 75 73 67 75 79 54 74 72 65 65 73 73 78 80 83 62 73 83 84 81 75 57 66 54 82 79 85 80 84 81 80 72 63 68 69 72 77 65 42 66 78 72 83 71 79 71 71 78 51 74 71 69 77 63 77 76 80 83 47 78 79 81 80 79 67 63 64 82 76 84 81 85 84 80 66 75 68
76 70 76 70 43 70 84 76 85 81 76 82 74 75 56 75 75 69 72 74 72 76 73 85 63 80 83 84 83 78 60 54 61 82 77 85 81 84 83 80 60 69 64 68 74 80 74 51 70 83 76 77 71 76 71 81 79 60 68 71 69 74 62 73 71 73 85 61 83 84 84 81 75 66 70 59 82 80 84 77 83 82 81 72 77 60
63 72 80 78 51 75 84 83 84 83 77 77 77 83 57 80 72 76 74 80 77 78 82 85 74 81 83 84 82 84 59 64 66 84 81 85 81 84 84 82 75 75 71 72 75 83 72 50 76 83 78 84 78 81 71 79 80 54 80 71 78 78 69 82 82 78 84 70 82 85 83 80 82 69 73 63 82 81 85 85 84 83 81 71 81 73
66 71 75 76 49 61 83 75 83 79 79 77 78 82 62 75 75 75 74 74 79 73 78 85 72 81 80 84 81 81 70 65 64 83 78 84 78 83 84 84 74 72 65 72 73 78 76 32 63 83 76 81 77 76 67 82 81 55 79 69 73 80 65 78 73 81 84 68 84 85 84 84 83 74 55 57 84 81 85 84 85 84 82 72 81 71
56 74 75 73 55 70 81 78 83 75 72 61 79 71 56 69 72 67 67 60 75 75 72 85 71 79 82 80 74 76 67 60 51 82 78 85 76 83 80 79 73 68 55 54 66 76 69 45 68 84 79 80 74 75 62 67 72 65 72 70 70 71 54 71 68 75 85 58 81 83 85 74 82 66 59 50 81 75 85 78 82 78 82 68 65 58
48 68 78 65 56 73 82 77 82 79 70 68 83 75 57 78 70 68 72 74 76 75 79 85 74 80 84 84 78 66 64 61 47 81 69 85 80 82 82 81 61 72 65 71 70 80 63 51 70 81 76 76 74 79 66 74 80 57 69 75 70 75 56 71 66 75 84 67 80 85 83 80 74 67 62 54 79 76 85 81 85 83 79 71 76 72
58 73 78 73 56 75 82 77 83 80 69 68 70 78 49 73 74 74 73 57 73 75 78 85 70 78 81 83 80 82 55 60 64 81 77 85 78 84 81 84 61 65 57 67 71 75 69 56 68 83 76 84 80 79 53 67 79 53 72 73 72 76 60 69 77 76 84 64 78 80 84 82 81 61 62 72 82 71 85 78 84 81 80 68 60 59
58 73 75 69 46 64 81 74 82 74 79 72 66 82 55 67 69 66 69 73 72 74 70 85 64 81 80 84 76 81 54 62 58 79 76 84 78 84 81 80 69 71 60 69 75 77 66 38 62 81 75 78 65 73 70 74 74 55 75 72 61 73 62 77 80 76 84 61 80 85 84 79 83 64 63 59 81 78 85 82 83 82 75 66 66 55
64 74 77 71 39 71 82 76 80 80 73 72 65 80 53 68 72 71 75 73 76 75 75 83 65 83 84 81 84 78 62 59 60 85 81 85 80 85 84 83 73 76 64 71 74 74 79 42 67 84 77 81 76 70 68 69 79 57 78 76 77 73 69 75 82 78 82 66 82 82 81 80 79 68 60 67 82 82 85 82 83 82 80 70 77 71
68 73 76 65 22 68 82 80 83 77 67 64 70 79 47 71 70 68 74 65 70 73 73 82 67 79 81 81 77 80 62 48 67 79 73 83 76 80 79 79 65 62 60 65 77 74 59 28 65 82 74 81 71 70 57 77 78 33 79 67 67 73 57 77 76 79 84 72 76 82 82 75 79 73 51 62 81 69 82 80 82 80 78 66 67 64
55 67 74 82 32 74 84 79 82 81 83 79 79 81 58 76 73 76 77 80 75 74 75 84 78 82 83 84 83 75 71 57 59 83 76 85 82 84 83 82 65 72 63 71 77 78 80 37 74 84 81 83 80 77 73 75 80 65 73 78 74 76 75 77 78 81 84 68 83 83 84 82 78 76 69 57 83 81 85 84 84 82 82 68 72 59
65 78 83 78 55 81 83 84 84 84 78 78 75 83 59 81 81 78 77 80 81 82 81 85 68 84 85 84 81 80 67 69 63 83 81 85 80 85 84 82 74 69 69 76 71 83 70 58 77 85 84 82 79 82 81 78 84 60 79 76 76 78 75 79 79 80 85 60 83 85 85 79 77 70 71 64 82 81 85 85 84 82 84 77 77 71
66 59 76 77 40 73 83 76 84 77 75 82 70 82 54 77 73 74 72 82 75 79 79 84 72 80 84 83 80 79 67 59 64 85 80 85 78 85 84 84 73 77 67 70 74 77 74 39 75 84 80 83 75 79 76 82 79 65 76 70 69 72 71 74 75 77 84 68 80 83 85 81 77 71 67 62 82 80 85 82 83 82 82 76 83 66
47 73 66 50 22 56 77 61 66 66 70 41 72 60 23 65 66 66 70 52 63 65 67 82 71 73 78 76 62 63 56 43 47 73 68 76 74 74 73 67 49 56 52 35 71 72 40 24 46 72 60 58 62 74 45 76 55 29 66 65 64 60 42 65 59 75 80 73 74 81 81 58 63 62 32 41 70 74 79 74 77 72 71 47 61 50
67 63 75 71 43 74 83 79 83 77 76 76 81 82 60 75 78 69 67 69 76 75 78 84 65 84 82 84 78 79 71 62 60 84 78 84 82 85 84 82 74 77 62 73 69 72 69 29 66 83 78 81 72 83 77 76 79 53 77 67 73 76 72 81 68 80 85 73 83 81 84 78 83 76 53 67 82 76 84 84 85 84 77 71 79 61
67 77 79 79 55 80 84 82 85 84 81 79 80 82 70 80 79 75 82 81 81 81 83 85 71 82 84 83 83 83 74 64 55 83 78 85 85 85 84 84 76 78 66 79 82 83 80 50 79 84 84 82 83 84 74 80 84 66 78 77 78 81 74 82 81 81 85 73 84 85 83 84 83 61 58 68 83 82 85 84 85 85 84 81 81 70
38 70 69 72 47 70 75 63 80 69 62 68 64 59 56 69 58 63 64 64 70 69 72 85 66 78 82 81 58 60 62 48 47 80 79 83 70 81 80 71 60 68 53 55 74 66 72 44 67 72 66 67 67 65 66 72 67 58 64 61 62 62 63 60 68 67 79 71 79 83 76 67 62 63 57 41 80 78 83 78 81 80 72 56 72 52
62 67 73 75 59 75 82 75 82 78 72 70 73 75 63 76 69 63 68 69 77 75 78 84 72 77 82 84 79 80 62 59 57 81 83 85 78 84 85 76 72 73 69 63 70 75 67 56 69 84 73 84 78 77 74 70 72 55 71 67 62 67 69 79 73 80 85 59 79 84 84 75 78 68 61 47 80 84 85 82 85 85 79 72 81 66
67 72 75 79 69 82 85 81 83 84 84 73 79 81 73 77 73 77 78 78 78 82 78 85 76 83 83 84 79 84 67 77 64 84 80 84 83 85 85 83 79 80 65 76 76 79 78 46 81 85 85 85 78 79 77 77 83 68 79 73 76 76 75 79 81 77 85 74 83 85 85 81 82 68 73 68 85 82 85 83 85 85 83 79 80 74
68 74 78 70 42 71 81 77 81 75 76 68 70 75 51 72 72 73 71 66 71 81 79 84 77 80 83 83 78 78 66 65 59 82 75 83 77 79 76 74 66 67 57 73 71 80 68 38 62 83 79 83 77 72 69 71 79 54 79 71 71 75 64 78 80 81 85 59 82 84 85 81 82 68 50 61 78 72 84 76 83 77 74 48 67 53
52 68 73 72 33 59 78 75 80 75 74 61 65 71 46 72 69 67 69 65 69 64 73 83 63 74 80 81 75 72 61 63 57 80 71 84 74 83 79 79 71 59 59 66 75 72 70 22 61 80 70 82 72 68 62 66 74 45 73 62 60 59 66 70 77 73 85 58 74 81 83 74 74 50 49 53 81 72 84 73 82 80 78 71 64 61
68 71 79 72 55 80 83 82 81 80 74 75 73 83 54 70 71 79 72 75 74 77 78 85 69 80 82 84 82 76 69 62 56 83 84 84 82 85 84 77 74 72 65 68 72 77 74 46 75 84 82 81 73 77 74 79 81 69 74 65 74 74 65 76 80 77 84 65 82 82 85 75 80 72 76 53 83 79 85 83 85 84 79 70 75 65
53 75 79 80 57 78 83 82 82 83 76 76 80 79 56 77 75 73 77 76 80 76 80 85 72 81 83 85 82 77 65 75 66 83 77 85 83 85 83 83 73 79 65 71 77 80 69 59 78 85 79 81 83 82 72 81 82 59 71 73 74 74 69 74 76 77 85 74 82 85 85 83 83 69 78 58 81 79 85 84 84 83 82 74 77 53
60 71 76 70 47 68 82 77 81 74 73 69 61 74 57 75 73 61 66 72 77 75 77 85 77 79 84 83 78 75 60 58 55 82 77 85 79 83 80 77 70 74 61 66 70 77 62 48 68 83 79 80 74 80 70 77 75 55 74 66 67 64 63 71 78 70 84 62 80 84 84 76 69 64 55 57 81 81 85 80 82 81 83 74 80 63
69 74 79 74 67 80 83 81 85 84 81 79 78 79 78 80 79 76 74 83 80 78 78 85 69 83 85 85 81 83 66 76 61 85 79 85 81 85 85 82 72 77 64 70 79 82 80 56 73 82 79 85 81 83 76 77 82 71 83 77 72 77 73 78 80 81 85 71 84 85 84 81 83 71 67 62 82 77 85 85 85 85 84 72 82 75
68 69 77 77 31 76 82 74 83 78 78 79 78 78 54 73 75 76 74 78 78 75 77 83 68 82 84 82 78 79 58 60 59 82 81 85 81 84 82 79 67 69 65 72 74 81 77 37 74 83 75 82 78 77 74 73 78 49 76 71 74 74 67 74 75 81 84 59 81 83 82 80 81 57 55 62 81 79 84 79 84 82 79 71 75 62
58 72 75 76 47 75 84 78 82 80 81 76 77 80 52 74 75 76 78 76 78 81 78 84 72 82 85 84 81 81 69 64 55 82 73 84 81 84 83 78 55 67 65 80 74 77 73 34 72 85 80 80 77 79 77 75 82 60 76 71 73 75 73 75 77 77 84 69 82 84 84 81 81 63 64 66 81 80 84 81 84 83 81 62 78 66
63 67 76 68 66 78 82 80 85 68 78 68 76 76 52 72 74 72 72 73 77 68 79 85 66 84 84 82 82 78 57 59 59 83 80 85 82 82 80 77 66 69 55 76 72 76 63 62 74 83 81 81 73 72 69 72 79 51 75 75 69 72 66 73 80 79 83 68 81 84 84 83 81 66 63 57 78 79 84 82 85 82 80 74 71 63
59 75 78 79 47 80 82 79 82 81 78 79 75 78 62 75 74 75 71 80 76 74 78 84 63 81 81 84 80 76 65 66 52 79 75 85 79 82 79 79 68 67 59 67 73 80 62 44 64 81 76 82 76 81 68 81 79 55 79 70 78 77 63 76 79 76 85 78 84 84 84 80 81 81 54 54 82 78 85 82 82 80 82 68 77 55
66 67 77 82 51 78 82 79 83 80 75 78 80 76 71 75 74 70 72 76 75 76 77 85 69 79 84 84 81 80 60 64 59 82 77 84 83 85 84 84 69 76 70 73 72 80 69 40 66 85 76 82 69 81 71 73 79 58 78 74 73 77 68 80 77 82 85 60 81 84 85 81 81 67 61 68 83 75 85 83 85 85 82 73 79 69
66 65 74 75 39 74 79 79 85 76 80 72 74 78 56 79 76 67 74 76 75 81 76 85 64 78 82 84 81 80 64 62 65 81 81 85 74 82 82 79 73 64 73 76 69 77 68 47 74 83 78 80 77 78 69 67 81 50 76 64 68 68 68 80 79 80 84 60 78 82 82 80 84 63 66 68 82 75 85 80 83 81 82 76 67 70
72 70 76 75 66 75 83 83 83 82 82 77 83 83 54 81 78 75 80 75 81 78 80 85 77 84 84 85 84 82 57 76 66 82 80 85 84 85 82 82 81 77 75 68 74 73 66 51 80 84 83 83 79 82 75 82 83 64 81 74 78 74 73 74 80 79 85 74 81 85 84 84 82 81 66 64 84 75 85 85 84 84 84 82 80 74
51 72 77 74 54 76 79 74 84 80 81 72 76 73 61 80 73 71 75 75 77 75 82 85 67 81 85 84 75 81 59 65 47 80 82 83 81 82 80 80 70 61 58 54 75 74 66 50 77 83 76 83 78 80 69 71 77 62 81 67 68 68 70 78 81 76 84 65 82 85 83 75 77 71 63 51 80 79 85 80 81 82 81 70 72 62
65 67 75 70 39 65 82 77 83 78 80 69 79 72 38 68 69 65 67 59 66 74 73 84 69 80 84 85 73 76 67 59 61 79 75 84 79 83 81 74 63 70 54 69 74 75 60 48 69 81 73 81 69 70 66 65 75 49 67 70 70 75 69 67 75 76 84 64 79 79 83 79 78 62 54 47 80 77 83 75 84 79 77 74 65 62
65 74 80 77 38 80 83 83 83 81 72 71 65 76 58 73 74 63 69 74 72 79 78 85 69 79 84 85 79 80 65 57 58 80 74 84 74 83 83 84 65 71 68 56 74 79 74 37 72 84 73 79 74 75 67 75 72 51 77 74 71 78 62 77 79 75 85 75 83 83 84 79 73 71 62 56 82 64 85 81 85 81 80 76 72 69
43 61 75 76 51 73 83 73 83 78 73 74 75 69 51 72 67 67 68 70 71 67 76 85 68 79 81 84 76 73 66 64 43 81 74 85 76 82 83 81 63 72 52 60 68 73 71 46 63 84 73 83 76 74 65 74 71 58 74 73 71 76 63 74 73 79 85 56 80 83 85 72 82 71 55 46 81 75 84 80 81 82 77 68 72 51
57 71 82 71 50 71 82 82 85 80 78 77 77 76 62 72 75 67 74 76 78 78 80 85 69 81 84 85 78 80 66 56 69 81 81 85 82 81 81 83 68 69 71 73 78 78 66 50 71 83 75 83 78 78 76 74 75 59 76 74 72 75 73 71 79 74 85 69 83 85 84 77 81 71 67 63 84 80 84 81 83 81 77 67 67 64
73 74 76 77 45 74 83 76 79 74 74 68 76 74 33 77 68 69 70 64 78 79 79 84 79 79 83 82 77 81 63 62 64 76 75 85 74 79 83 80 66 69 65 62 72 74 69 46 64 83 79 83 78 76 75 74 75 55 76 69 69 68 66 78 80 80 85 62 79 82 84 73 79 62 59 57 81 72 84 79 84 83 81 63 78 68
43 67 75 69 42 68 78 76 83 72 74 64 70 80 49 76 66 62 70 64 75 77 80 85 73 73 80 84 78 78 55 60 59 82 82 85 77 83 83 81 64 72 72 57 71 74 69 48 73 83 74 81 69 75 68 72 70 51 79 70 68 73 64 75 74 77 85 65 76 82 83 71 74 66 61 56 79 80 85 80 83 79 78 62 76 64
51 65 77 74 50 70 82 69 83 73 69 73 75 72 58 72 73 63 66 69 75 71 73 85 66 79 82 84 70 80 61 56 48 74 65 84 75 79 81 81 66 61 58 62 70 83 63 36 66 81 72 77 65 75 69 71 71 49 79 71 66 69 60 75 78 76 83 55 81 85 85 71 78 66 54 50 77 73 84 75 81 80 78 65 61 62
63 72 80 80 61 80 82 77 83 83 84 79 81 79 62 81 75 77 74 84 81 79 79 84 76 83 84 85 81 84 75 64 62 81 78 84 84 82 81 82 68 75 56 78 81 81 71 47 82 85 83 84 81 81 77 79 79 63 81 79 77 77 76 77 85 80 84 76 82 85 85 79 80 70 66 56 80 76 85 84 85 83 84 71 80 62
65 70 78 81 49 80 81 77 84 77 76 76 71 77 65 74 76 69 71 68 75 76 79 85 70 79 83 84 80 76 56 63 63 81 73 84 80 83 82 80 67 71 69 66 66 79 75 43 74 82 76 81 80 73 73 72 79 58 76 69 71 70 69 78 73 79 85 68 81 83 83 78 83 64 60 59 82 80 85 84 84 84 83 69 77 64
58 70 73 64 49 77 82 81 83 80 78 77 77 75 55 76 71 64 61 71 74 76 78 85 64 80 82 85 77 78 57 70 58 79 74 85 77 82 81 83 74 62 60 72 77 69 45 46 71 83 76 83 78 80 71 75 77 59 81 60 65 66 54 68 82 75 84 68 80 82 85 79 77 63 63 61 81 75 85 79 83 81 81 72 71 56
57 82 75 70 54 83 83 79 85 81 76 71 75 79 61 75 70 68 79 79 77 80 76 85 70 83 85 85 80 79 60 69 71 81 81 85 80 85 85 77 72 67 58 69 74 74 70 57 77 84 77 85 76 76 73 70 79 67 81 73 70 78 74 76 80 76 85 69 82 84 85 80 84 68 67 58 83 79 84 77 84 83 82 67 71 63
62 54 76 75 37 78 83 82 83 81 75 72 80 82 59 73 67 77 69 72 69 72 76 85 72 77 84 85 82 77 63 64 63 84 78 85 80 85 84 83 73 75 69 72 75 74 72 44 69 83 80 82 78 82 72 76 80 61 74 65 77 74 62 73 75 74 84 69 81 83 84 84 73 72 68 61 82 81 85 82 84 85 80 71 79 62
58 75 79 68 56 78 85 70 83 79 75 75 80 77 67 81 81 68 74 70 82 78 81 85 72 81 85 85 80 77 72 62 54 78 71 85 81 83 81 79 62 69 62 58 79 82 69 52 73 83 74 81 75 77 75 75 75 63 80 77 70 79 63 77 79 82 85 65 81 85 85 80 78 71 59 60 82 76 85 80 83 83 81 59 78 72
51 61 74 61 46 67 82 72 81 73 76 67 75 74 48 77 72 64 71 59 70 69 79 85 75 82 81 84 75 78 57 54 50 80 78 84 77 81 76 81 62 66 56 58 71 77 57 39 71 84 79 80 70 74 66 72 72 63 70 66 64 66 64 74 74 72 83 64 78 81 83 70 76 61 65 48 79 80 85 84 82 81 80 73 78 65
68 74 76 68 33 73 81 81 84 78 73 71 74 81 54 74 71 69 75 62 74 79 77 85 68 80 81 84 82 80 49 69 56 82 78 84 79 83 81 81 70 65 66 74 74 75 66 22 64 82 81 80 76 81 69 76 84 56 70 72 67 72 60 74 72 79 84 66 74 81 84 81 75 58 47 60 81 74 85 81 84 80 79 74 74 69
61 71 77 70 72 82 81 81 81 80 74 75 82 80 62 77 76 73 71 72 78 81 82 84 72 81 80 85 80 84 67 73 55 85 74 85 80 84 83 83 79 76 67 76 73 82 68 58 78 83 79 81 78 82 72 79 78 62 77 76 71 78 66 84 78 82 85 65 83 82 85 81 82 73 74 52 82 72 85 84 84 82 82 79 80 73
73 70 81 74 44 70 78 77 85 81 72 68 76 81 63 72 82 59 73 72 79 79 79 83 72 78 80 81 81 81 51 61 71 81 77 84 81 84 82 81 77 76 74 77 76 75 78 35 63 84 78 79 78 80 69 75 80 53 76 74 69 74 74 75 82 81 83 58 77 83 84 82 81 56 58 62 83 74 84 82 84 83 81 72 78 64
60 64 80 64 44 74 84 79 83 74 79 60 78 76 46 70 73 67 69 68 71 80 74 85 59 76 83 85 76 79 55 66 53 78 76 85 78 81 79 78 60 68 55 60 69 80 58 40 66 83 79 81 77 77 61 72 78 46 74 71 67 72 69 74 76 77 85 59 77 81 84 79 78 65 62 52 80 77 85 79 83 81 81 68 73 58
50 61 73 64 55 71 80 69 81 73 81 72 82 68 58 71 68 66 66 71 78 65 76 84 67 80 84 85 72 78 59 61 48 79 77 85 80 84 80 80 70 69 50 58 68 77 76 54 65 83 74 82 77 79 65 77 71 53 67 67 65 67 67 68 60 73 83 61 78 83 83 74 79 77 52 51 74 81 85 81 84 82 75 68 75 64
48 70 81 75 50 78 79 78 81 75 80 72 77 75 54 78 75 76 72 76 79 76 81 85 72 81 84 84 77 83 69 67 53 81 77 84 82 83 84 81 77 74 65 69 74 77 70 43 76 85 83 80 76 81 79 75 82 56 72 69 73 73 77 69 75 77 84 64 82 84 85 79 75 74 59 55 78 78 85 83 83 82 81 74 79 58
69 76 78 77 54 77 82 82 85 77 81 73 78 77 65 75 75 70 71 77 76 80 80 85 73 84 82 85 79 78 72 66 61 84 75 85 80 83 85 81 73 71 64 66 74 80 76 44 73 85 81 82 79 81 75 72 76 66 81 70 69 65 68 79 79 83 85 71 82 84 85 81 79 71 60 62 84 75 84 81 85 84 83 76 74 67
51 74 79 76 58 80 82 81 85 83 78 71 72 80 61 75 70 71 72 66 74 78 78 85 66 80 82 85 82 80 65 77 56 84 68 85 80 84 85 82 72 72 68 67 74 83 69 54 78 84 78 84 77 80 64 78 84 53 73 66 74 76 61 73 81 73 85 64 82 85 85 85 80 63 72 65 82 78 85 81 85 85 81 70 72 70
67 72 72 60 41 65 82 79 85 76 76 68 75 77 48 73 68 71 70 61 73 78 74 85 62 75 78 82 76 76 57 58 61 81 73 84 80 84 84 81 68 65 60 64 75 68 59 52 68 81 75 79 73 74 52 67 78 47 73 67 71 72 52 70 72 74 84 61 82 83 82 75 81 66 60 53 80 80 84 77 83 80 79 75 69 66
58 66 72 75 39 73 84 82 80 77 78 72 76 80 60 75 74 68 72 65 75 70 72 85 67 82 83 85 78 81 65 55 54 79 66 84 75 80 83 82 65 64 63 67 79 81 74 37 66 83 79 79 73 77 74 76 78 52 76 60 73 70 67 79 74 77 85 67 81 82 84 77 76 71 58 51 80 71 85 77 85 77 81 67 68 57
67 74 83 74 39 74 84 75 83 76 74 73 77 78 45 79 81 73 76 76 82 83 81 85 70 82 83 85 80 84 65 56 60 78 72 85 78 83 84 84 73 69 58 64 76 77 71 62 64 83 77 83 75 79 76 77 81 52 82 72 75 74 73 76 78 79 84 69 81 84 84 80 79 77 69 59 81 70 85 81 82 78 81 75 69 63
53 73 82 80 45 77 80 76 81 80 75 73 81 70 60 74 72 62 68 78 79 80 82 84 63 80 84 83 76 73 69 59 61 81 80 85 83 84 81 82 67 76 69 71 76 74 72 59 72 81 79 83 76 78 77 69 79 53 80 69 63 66 65 78 78 81 84 62 79 84 83 77 80 58 64 58 83 79 85 84 83 83 81 72 78 73
67 72 78 80 51 73 81 81 85 76 76 68 78 82 61 80 77 75 69 67 79 78 79 85 63 81 84 84 84 76 52 61 73 84 80 85 81 84 84 83 64 63 63 70 68 74 73 49 74 82 78 81 79 77 69 71 81 66 78 67 77 71 69 77 75 80 84 60 81 82 85 82 81 66 66 66 83 81 85 82 83 83 82 73 71 67
71 70 78 78 44 75 85 82 83 83 77 69 79 78 51 76 80 71 76 70 81 75 81 84 66 81 85 84 83 83 62 66 67 82 69 85 79 84 82 79 67 76 60 69 79 73 73 48 74 83 78 83 80 81 77 71 81 68 76 73 76 77 73 74 73 77 84 67 81 84 85 80 79 68 63 68 83 76 85 83 83 82 84 73 73 67
69 68 80 71 42 80 82 83 84 83 79 67 74 83 61 72 78 70 74 72 76 76 78 85 63 83 84 85 83 80 60 64 61 83 69 85 81 83 82 82 72 71 59 73 75 73 62 38 75 84 83 84 78 80 66 79 82 57 68 76 75 80 60 74 69 72 85 71 84 84 84 82 79 73 69 66 83 77 84 82 84 83 78 73 76 71
46 67 78 66 45 74 84 75 79 79 79 71 81 71 60 73 72 71 76 66 71 69 74 85 73 83 82 84 78 75 65 56 54 77 73 85 80 80 80 80 61 70 58 55 72 73 62 41 73 84 79 79 84 78 66 71 78 57 70 73 66 71 63 68 63 78 85 64 81 83 84 79 80 65 60 46 79 70 84 81 82 81 81 71 72 58
66 70 76 70 46 78 81 80 85 80 80 76 76 80 59 76 76 77 72 73 82 80 83 85 69 81 83 85 82 83 60 68 61 84 81 85 83 85 84 84 72 70 66 77 79 79 71 58 79 83 82 83 82 80 74 76 82 63 79 69 77 72 68 83 82 83 85 68 76 84 83 82 81 68 69 63 82 77 85 79 83 83 82 75 69 66
78 73 74 75 49 76 84 82 83 82 80 70 77 81 59 70 73 74 78 74 76 75 75 83 68 83 83 84 82 78 64 67 65 83 77 85 81 84 80 79 66 61 64 78 75 75 64 35 75 83 81 78 78 83 65 78 81 54 84 67 75 77 64 82 83 82 83 73 83 84 84 85 80 74 59 61 81 74 85 80 83 84 82 68 62 63
63 69 77 69 40 68 81 71 84 75 72 73 76 73 59 69 73 68 72 61 72 78 75 84 68 78 82 84 77 76 60 58 60 76 69 85 78 81 78 82 72 71 62 64 73 77 58 39 61 83 64 85 65 78 65 65 78 52 83 74 69 72 58 77 76 82 85 57 78 82 83 83 78 66 52 68 84 79 84 79 84 81 81 72 73 60
56 74 83 81 51 70 82 79 84 76 77 72 63 70 65 77 70 67 68 79 75 78 78 85 78 79 85 85 75 71 70 69 59 84 81 85 83 85 84 79 77 79 71 66 74 77 72 59 75 82 82 81 73 81 71 81 76 57 81 70 69 79 75 73 74 78 84 75 84 83 84 81 74 69 58 55 83 80 85 83 84 84 80 77 72 64
56 66 76 63 56 72 77 78 79 71 69 67 78 77 61 77 69 66 70 60 73 80 74 85 64 79 83 84 78 66 66 73 57 81 76 84 74 85 83 75 71 66 64 57 71 76 63 45 74 83 75 80 70 72 69 68 79 65 80 65 65 70 63 82 83 71 85 59 80 84 83 78 69 64 60 54 82 78 85 80 84 84 76 74 76 58
68 65 66 60 53 73 84 79 76 81 64 64 59 74 63 72 65 56 62 46 67 66 75 81 64 74 77 84 79 76 59 62 54 80 75 81 76 81 83 78 70 65 61 59 70 67 51 24 54 74 63 72 61 74 44 72 65 39 70 69 74 79 47 71 74 72 82 63 85 80 84 76 80 69 50 59 79 80 84 84 80 78 77 63 65 63
75 71 78 72 52 82 84 79 83 82 78 71 79 76 61 70 77 75 67 76 70 78 76 85 75 80 84 84 79 81 78 65 62 82 60 84 79 83 85 78 76 70 63 74 72 79 68 47 75 84 74 80 80 81 69 70 82 56 76 73 69 73 66 76 81 79 85 67 81 83 85 79 81 64 57 63 83 64 85 83 84 84 84 69 77 71
48 71 71 60 41 70 80 75 81 79 69 65 67 63 46 68 64 64 63 71 72 74 66 85 70 81 81 82 72 72 63 56 55 77 70 83 75 79 77 72 59 59 52 59 70 68 51 42 63 78 71 80 76 70 66 69 67 44 71 67 64 63 56 70 75 74 84 59 78 81 82 73 70 63 59 54 77 76 82 77 83 79 74 60 62 57
55 69 72 71 58 78 85 77 83 82 67 73 67 80 64 64 76 60 70 74 78 74 75 85 69 82 83 85 83 81 57 67 54 82 70 85 78 83 82 82 59 67 59 54 69 73 63 46 72 82 73 81 73 81 64 75 75 59 73 69 68 74 68 70 69 67 85 61 82 85 84 81 79 75 57 59 81 77 85 81 85 84 82 61 72 65
58 62 76 66 55 74 75 80 83 78 75 70 65 79 54 75 69 79 67 67 73 73 77 84 64 81 82 84 83 76 53 57 65 85 77 85 82 85 85 82 73 68 73 67 75 73 64 58 73 78 78 82 80 78 74 66 79 59 78 70 77 77 64 77 77 77 85 71 84 83 82 79 76 61 63 63 83 73 85 80 84 84 79 70 75 67
66 71 79 70 60 71 84 77 83 76 75 70 78 78 61 74 75 69 67 68 78 75 77 85 70 80 81 85 73 77 71 66 41 81 82 85 77 82 84 85 72 68 65 63 76 76 65 58 61 83 79 78 75 72 66 72 81 55 83 73 72 73 70 76 81 80 85 67 83 83 84 77 81 70 56 57 82 79 85 79 84 82 81 72 74 63
56 72 78 62 44 68 84 77 84 80 75 62 77 77 53 71 71 64 67 63 73 76 76 85 66 79 81 85 78 84 65 56 53 80 72 85 79 82 83 81 71 74 59 68 72 75 62 46 69 83 73 78 73 75 68 70 78 52 77 73 70 75 59 74 80 75 85 74 82 85 84 80 83 68 52 55 77 73 85 76 82 80 77 70 69 62
71 70 73 70 52 76 77 78 81 74 74 72 71 79 62 74 68 62 73 68 78 76 75 83 64 79 83 83 78 79 60 60 72 83 81 84 79 83 81 81 69 66 69 69 69 78 64 33 73 80 77 84 74 75 76 69 78 58 83 71 65 75 75 73 77 78 84 59 82 82 84 79 77 57 51 63 82 83 85 83 83 83 80 71 66 67
55 79 77 72 50 75 82 83 83 78 74 75 72 75 70 75 74 65 71 71 75 82 76 84 75 81 84 84 78 82 69 64 59 79 78 85 74 82 79 77 71 59 66 63 75 73 72 42 62 74 78 81 79 81 73 76 80 53 82 66 73 73 63 76 82 77 85 55 83 83 85 81 76 67 65 60 83 74 85 83 85 83 73 70 74 59
74 73 77 68 54 81 84 80 83 81 77 71 74 80 48 73 79 75 76 77 75 77 77 85 73 81 82 85 82 79 63 72 61 82 76 84 80 83 82 83 74 72 69 76 73 75 44 29 62 85 84 84 72 84 69 75 80 37 76 73 80 81 58 73 75 74 85 61 84 81 85 84 83 69 63 73 85 78 85 84 85 84 82 79 82 71
64 67 75 64 48 81 82 81 82 79 77 66 69 82 45 70 70 66 72 65 69 76 73 84 68 80 80 85 83 78 53 65 62 85 82 85 80 85 85 80 74 72 61 80 66 71 58 56 74 84 76 83 67 76 70 72 81 59 71 68 71 72 55 76 70 68 83 60 81 80 83 84 80 61 66 64 81 77 85 82 85 84 81 76 81 72
43 59 65 59 38 62 79 55 73 69 64 58 54 54 36 53 59 54 57 54 60 63 69 81 59 76 76 81 54 67 50 44 37 67 60 77 68 75 67 63 50 55 46 50 60 62 39 21 47 65 57 64 58 66 50 51 60 34 61 50 62 60 39 55 62 58 78 52 77 74 73 61 61 46 4 43 77 59 81 67 77 73 65 60 50 51
54 68 77 46 34 62 74 66 81 67 71 55 71 68 55 73 69 64 64 58 72 75 80 85 66 76 81 82 74 75 55 45 60 78 74 84 78 81 81 75 63 67 61 55 73 71 60 42 67 81 72 78 68 71 65 65 70 44 70 58 61 62 64 67 77 72 83 61 75 82 84 75 73 59 48 54 75 79 83 74 82 78 78 67 66 62
68 77 74 61 39 71 81 83 83 80 79 66 77 81 46 67 74 72 77 74 70 78 72 85 69 77 78 83 80 77 51 52 56 83 76 84 81 82 81 77 65 69 72 71 73 75 60 34 69 80 81 81 72 76 66 74 82 48 73 66 71 74 72 76 73 76 84 61 82 82 84 80 77 66 48 62 82 72 84 79 85 80 78 72 73 64
58 73 81 77 55 78 82 81 79 80 82 73 82 79 60 74 72 70 76 74 74 79 78 85 72 83 85 85 80 81 73 71 70 84 77 85 83 85 85 82 77 81 68 74 71 83 64 57 78 85 83 84 80 79 74 70 83 61 77 73 71 70 74 76 79 79 84 67 82 84 85 80 80 59 68 64 80 78 85 83 85 85 83 77 71 78
76 71 70 64 48 79 83 81 84 77 81 72 83 82 61 70 75 78 79 68 75 78 74 85 71 82 81 84 83 81 68 77 71 84 76 84 84 84 84 83 77 77 66 76 77 76 69 26 81 85 85 83 83 83 67 71 85 70 73 71 74 78 64 76 81 75 85 68 80 82 85 84 82 66 62 67 84 81 85 84 85 85 85 76 78 74
64 73 79 78 44 75 83 80 83 79 78 65 74 77 58 68 76 71 75 65 78 76 78 84 70 81 83 85 81 81 64 62 68 81 81 84 83 82 81 79 75 75 71 69 73 79 72 30 73 82 80 85 76 80 70 75 82 53 78 72 70 77 60 80 73 79 85 61 84 84 85 80 83 67 53 59 83 73 85 81 83 83 80 71 72 64
43 71 79 63 45 70 80 76 81 71 75 67 78 69 52 69 73 75 70 54 71 70 75 84 67 81 84 83 74 75 67 54 55 79 77 85 80 83 76 80 69 65 65 64 70 77 59 30 69 80 79 80 74 77 70 78 78 48 76 69 65 72 62 73 72 77 84 68 80 80 84 70 74 65 55 48 79 76 85 79 84 78 82 67 71 58
