63 60 60 56 34 53 73 66 76 65 73 58 65 70 43 73 58 61 62 58 69 73 70 78 60 69 77 80 77 68 50 50 59 71 67 69 63 69 67 66 50 47 48 64 60 69 53 24 55 72 68 75 64 71 54 62 74 54 70 59 58 58 47 68 70 72 78 54 67 75 81 75 64 52 53 64 70 66 68 62 68 66 59 50 51 48
52 67 62 69 40 66 73 68 76 70 72 59 67 74 52 71 59 58 60 60 70 73 74 78 62 68 76 84 72 69 50 58 57 72 75 69 67 69 69 63 53 56 42 62 65 69 56 30 61 73 66 76 57 74 60 60 76 50 72 64 62 64 54 71 72 73 78 51 69 74 82 74 68 51 66 58 70 75 70 64 68 68 66 57 59 50
65 63 68 62 35 61 73 65 75 67 76 65 66 77 61 73 62 53 63 64 72 75 77 77 63 69 75 83 74 69 62 59 62 68 79 70 65 68 67 64 57 50 46 69 64 70 58 37 61 70 68 71 62 77 60 70 74 52 77 63 60 61 57 74 74 75 78 52 69 77 82 76 70 57 52 57 70 76 70 69 69 65 62 58 62 52
68 63 66 50 34 61 72 70 78 71 73 57 65 75 51 74 62 62 63 55 75 73 75 77 55 70 77 83 74 67 54 63 54 71 79 69 64 69 67 65 51 53 54 60 59 66 57 17 60 73 67 77 67 73 59 61 70 55 74 64 59 61 55 70 72 75 78 53 68 77 84 71 60 58 59 57 68 72 69 64 69 66 64 60 50 49
51 65 69 64 43 64 69 69 78 63 76 62 71 78 49 75 66 58 64 65 77 70 75 78 59 71 75 83 80 72 53 73 67 72 76 70 67 69 69 69 62 63 54 70 65 69 65 38 66 74 67 75 68 80 63 63 76 59 75 62 61 67 60 75 73 76 78 57 73 77 82 78 71 58 62 71 73 75 70 65 69 68 69 61 67 62
54 64 73 62 40 60 72 61 75 62 76 59 64 73 56 70 64 63 63 59 72 69 71 78 61 68 76 82 71 67 42 52 61 70 61 69 65 68 65 66 52 56 47 71 60 72 60 31 55 73 65 75 66 72 55 62 73 61 76 63 57 63 50 75 74 73 78 53 71 76 83 74 71 51 50 45 67 70 70 67 68 65 68 53 51 48
41 61 64 58 42 57 70 59 77 68 67 59 58 68 45 77 66 56 61 59 73 70 70 77 58 69 75 84 72 73 59 65 47 68 76 70 64 67 65 64 49 53 37 59 64 64 44 36 55 71 61 75 63 75 58 68 71 46 71 58 60 57 51 70 72 69 76 59 68 76 83 68 65 60 59 50 68 70 69 63 67 65 64 58 52 46
47 65 70 58 46 59 66 54 74 62 68 60 62 61 60 73 65 55 63 57 71 71 73 77 62 70 76 78 66 65 58 57 49 67 60 69 63 68 63 63 47 55 43 56 67 68 56 40 58 63 63 76 65 66 61 59 69 56 72 62 52 53 53 68 70 73 78 56 71 78 83 67 61 52 56 39 63 61 70 64 67 65 65 43 54 39
52 47 65 62 51 65 72 64 77 48 76 55 58 67 55 67 61 57 60 59 73 68 78 77 45 70 75 83 72 72 50 59 52 72 73 69 62 70 67 65 56 46 48 55 58 62 52 47 64 72 65 72 61 77 50 60 71 61 71 57 57 59 48 65 75 73 76 55 68 77 83 73 68 49 64 53 69 81 70 66 69 69 66 57 57 46
54 63 67 57 43 59 70 59 77 59 70 57 61 64 55 73 57 57 55 59 64 74 68 78 57 69 77 81 64 61 58 52 51 67 75 70 59 66 62 62 58 52 50 46 61 64 44 48 58 68 57 74 59 75 58 63 66 64 75 58 52 58 54 74 71 78 78 51 66 76 80 67 57 55 51 46 67 80 70 60 69 60 67 47 56 45
53 57 64 46 20 62 61 58 70 61 78 57 56 69 43 74 61 57 57 53 71 70 74 78 58 71 72 78 68 64 53 53 46 69 81 68 66 67 68 67 57 56 47 54 49 62 46 31 58 73 55 56 66 75 56 61 72 32 71 54 57 55 51 68 63 76 77 52 66 73 83 68 60 58 44 49 63 75 70 65 65 62 64 53 51 52
45 60 65 55 44 59 66 61 75 62 71 61 64 67 57 73 57 58 59 56 74 72 74 78 59 66 77 84 72 64 57 54 59 66 65 70 63 64 65 63 49 53 44 52 63 66 57 30 52 69 57 73 61 71 57 66 72 55 75 59 57 61 57 73 70 74 76 62 70 77 82 71 65 56 47 47 68 76 69 64 66 63 64 50 51 40
39 45 58 38 34 39 60 45 53 46 60 44 55 51 33 57 45 44 46 41 56 56 67 71 55 62 63 71 47 45 40 38 39 55 71 69 58 61 62 54 48 47 37 34 44 59 25 33 41 62 44 49 46 66 53 54 48 43 53 45 41 51 39 57 53 57 69 42 60 71 75 48 53 46 37 35 57 80 69 59 57 54 61 42 47 46
59 71 71 65 43 64 74 72 77 70 77 63 63 77 56 76 67 61 62 65 78 75 78 78 69 73 78 84 79 72 56 68 71 71 70 70 63 69 66 67 60 60 58 65 67 66 59 42 61 74 68 78 65 81 64 69 75 61 76 66 67 67 65 76 75 73 78 58 73 77 84 78 73 60 67 67 71 77 70 64 69 68 69 64 65 56
50 56 70 67 40 63 73 63 76 67 77 55 60 70 44 69 55 58 59 54 71 70 71 78 62 71 78 84 76 65 49 49 44 71 70 70 66 67 68 65 46 57 39 60 61 60 63 36 55 73 64 72 61 76 61 62 72 47 69 56 59 60 56 69 69 70 77 52 69 78 84 72 64 55 63 53 69 73 68 64 69 68 62 54 64 42
53 60 66 59 34 65 72 70 77 69 75 57 67 73 60 72 61 62 60 62 72 71 73 78 60 72 76 84 76 71 64 63 54 71 72 70 64 70 67 65 51 55 48 57 66 61 61 50 53 72 64 77 65 79 50 66 68 53 72 55 61 58 60 73 76 73 78 60 71 76 84 76 72 59 62 57 68 74 70 66 68 69 70 56 58 47
50 54 60 57 24 47 73 59 74 62 63 59 52 62 48 61 52 47 48 58 62 62 66 77 55 61 74 82 65 70 40 46 39 66 76 68 58 66 66 67 48 46 40 52 64 64 56 37 47 67 61 69 56 65 54 53 68 47 70 49 52 52 49 66 66 72 77 59 62 74 81 66 64 52 55 44 67 73 68 59 64 63 57 51 54 42
68 62 67 63 49 68 71 71 77 72 76 63 67 75 46 71 66 61 61 62 69 73 72 78 61 70 77 84 77 70 62 70 60 72 79 69 63 68 67 68 44 51 54 68 58 65 62 39 55 74 64 77 65 77 59 70 73 42 69 65 59 65 51 75 70 76 78 58 71 77 84 78 73 61 72 61 70 75 70 63 69 69 67 56 61 51
54 58 64 52 39 60 72 65 76 66 74 62 67 72 55 62 60 55 63 58 65 58 69 78 57 70 75 84 76 67 45 61 58 72 75 70 67 70 70 68 57 63 47 63 61 63 51 42 65 73 69 73 60 75 58 62 76 57 67 52 59 57 58 68 69 73 78 61 69 76 83 75 69 52 61 60 74 74 70 65 70 69 65 61 64 51
59 62 64 53 36 65 74 66 78 68 80 60 70 73 62 71 54 57 60 53 72 73 71 77 64 70 75 83 74 70 56 56 52 72 73 70 64 69 68 65 53 51 51 58 63 63 56 32 63 74 68 74 67 78 56 67 76 56 71 51 60 55 46 72 69 68 78 54 67 74 84 70 70 52 69 53 70 79 70 65 68 68 64 61 59 46
61 65 65 59 27 68 69 70 77 67 76 66 72 74 60 74 59 58 59 55 73 72 73 77 57 67 75 82 77 68 56 66 61 73 81 69 67 70 69 67 57 52 53 69 64 67 48 33 69 71 71 77 65 78 63 65 77 61 71 56 62 59 52 67 75 73 77 53 69 76 82 79 69 56 70 55 70 79 69 68 69 69 65 57 62 54
54 64 69 59 37 58 71 64 74 64 66 59 67 73 64 73 58 49 56 58 69 76 75 76 46 68 78 81 72 71 50 60 61 68 79 70 67 69 67 65 54 57 53 62 68 59 56 44 62 70 62 76 65 69 66 55 70 54 72 65 58 61 61 67 72 72 75 48 69 77 83 73 68 53 46 54 68 75 70 66 68 67 64 55 60 50
65 65 64 62 43 59 73 58 77 61 73 50 68 72 40 72 65 61 61 41 67 70 74 77 59 71 78 82 72 69 43 65 50 70 76 69 68 69 69 62 46 52 49 64 62 69 59 42 55 74 63 75 61 73 58 65 74 40 73 64 57 64 56 74 70 75 78 52 70 76 83 76 72 51 55 55 70 74 69 64 69 68 58 56 57 47
63 57 64 58 25 62 70 65 75 67 72 54 52 75 44 68 54 59 60 58 67 71 69 77 51 66 73 83 75 73 49 62 54 69 74 70 61 68 68 68 62 56 54 63 57 64 52 18 59 72 64 73 64 80 56 59 73 43 67 56 55 55 53 63 70 70 77 63 67 76 82 75 67 52 64 53 71 76 68 66 68 68 62 62 60 57
43 60 68 59 47 67 73 68 75 69 77 59 65 73 53 72 63 62 63 63 72 67 75 78 58 70 78 83 76 70 56 62 50 71 71 70 64 69 68 65 56 46 47 65 63 65 54 40 58 72 69 74 66 80 57 64 74 59 68 58 62 63 53 66 69 71 77 58 70 78 84 76 71 61 61 56 69 74 70 67 69 66 69 58 61 50
73 64 64 61 28 60 74 70 76 67 72 51 62 78 54 66 60 60 61 57 73 71 72 78 62 70 78 84 75 72 57 57 53 69 76 70 61 69 66 64 55 47 45 73 66 67 58 35 51 72 64 75 62 73 53 63 76 49 69 65 61 64 57 74 73 73 77 57 72 76 84 75 70 59 55 56 67 76 69 63 69 66 65 58 57 50
55 66 66 64 29 64 74 67 78 70 73 56 56 72 51 69 61 55 56 60 69 73 76 77 65 67 76 83 73 66 47 60 59 70 73 69 63 67 61 64 52 47 40 58 63 68 50 37 64 73 64 74 65 80 57 65 76 52 68 59 57 58 49 70 67 73 75 59 68 77 83 72 67 56 65 50 70 76 68 66 66 63 61 55 53 42
53 64 66 68 44 62 70 66 76 64 74 64 70 75 69 75 63 60 63 62 73 73 76 78 54 65 77 84 77 69 52 54 56 72 74 69 68 69 70 67 61 56 53 65 61 67 60 34 57 73 67 74 65 76 60 66 78 59 72 64 63 68 55 76 74 74 78 53 71 77 83 76 70 61 64 61 72 73 69 67 69 69 67 55 60 50
64 58 68 63 42 68 73 68 77 65 76 62 63 76 61 75 65 59 65 69 76 73 76 77 62 70 74 82 77 72 52 51 64 72 75 70 66 68 67 68 54 57 58 64 59 67 59 31 61 73 71 76 65 80 61 69 75 54 66 65 67 65 63 70 67 74 77 50 71 76 84 78 71 61 56 60 72 79 70 65 68 68 68 56 56 58
59 56 59 52 37 63 72 65 76 65 72 56 63 73 60 65 58 51 51 48 65 71 65 78 59 66 74 79 72 64 51 54 61 73 73 70 65 69 69 66 60 63 47 58 64 63 50 43 62 71 61 70 60 75 56 63 74 50 76 63 56 53 49 67 71 70 77 50 70 75 79 71 60 55 53 56 70 78 70 68 70 69 60 55 59 45
43 66 67 55 47 63 70 62 74 66 72 54 57 65 45 69 58 68 62 61 70 71 72 76 69 72 77 80 74 62 51 56 51 69 78 70 67 67 67 59 52 46 47 62 67 59 60 31 64 73 67 75 66 72 53 58 74 44 72 51 59 61 57 72 71 73 78 54 71 78 84 73 63 57 59 52 67 79 69 60 66 66 65 59 49 43
58 66 69 67 24 69 72 71 78 71 75 62 68 77 50 72 64 64 63 68 76 69 76 78 64 68 77 84 79 71 62 65 69 72 79 70 65 70 70 63 60 59 52 63 71 67 63 37 64 73 71 77 70 79 62 71 78 57 71 64 66 64 58 74 74 75 77 70 70 77 84 74 72 61 62 56 71 80 70 67 69 68 68 59 66 58
45 48 65 48 45 64 72 65 76 62 72 59 59 74 58 65 62 58 61 51 70 65 74 78 65 70 76 84 73 67 51 64 55 71 79 70 64 67 66 59 49 61 45 61 64 66 55 35 62 72 67 77 64 76 57 65 73 53 69 60 57 62 57 71 71 70 78 58 73 77 82 72 64 57 56 54 66 77 69 66 69 67 64 43 61 47
51 61 68 56 39 60 70 63 77 64 70 61 63 69 47 70 65 62 68 46 71 72 72 78 65 71 76 84 75 67 48 51 50 71 73 69 62 66 66 61 54 50 46 62 66 66 59 32 58 71 63 73 64 73 55 66 71 48 73 57 64 63 48 66 73 69 77 64 74 78 84 75 64 58 56 42 65 70 70 61 68 66 62 48 57 51
66 57 69 54 34 58 72 64 78 70 67 60 63 67 42 71 65 56 58 50 70 70 75 78 54 66 75 83 72 71 49 61 60 72 80 69 63 67 68 68 56 52 53 62 59 68 55 34 62 71 64 75 62 72 56 60 75 45 72 62 63 61 53 73 71 71 77 58 68 77 83 75 70 55 65 61 70 80 69 64 68 69 65 51 57 47
47 66 69 62 27 58 71 57 76 66 71 48 60 67 43 72 64 51 61 59 68 70 71 78 64 72 77 83 69 59 58 55 48 65 74 68 65 66 65 61 54 48 43 55 57 70 52 35 48 66 54 73 61 72 61 59 69 53 70 60 58 61 54 67 72 77 76 50 69 75 83 69 61 63 53 53 60 74 69 66 66 65 62 51 50 47
52 53 65 54 41 57 70 59 77 64 66 55 63 66 42 66 60 52 59 53 66 73 64 78 59 71 76 84 71 59 52 48 56 67 75 70 60 67 65 59 45 48 48 58 55 63 50 38 52 71 59 75 54 66 52 63 69 48 71 56 52 59 52 65 68 67 78 50 68 73 84 74 63 57 48 60 68 79 70 64 68 67 65 55 47 50
51 56 67 66 29 65 73 60 75 66 71 66 66 66 60 69 62 58 62 63 64 68 73 77 58 70 75 83 75 61 55 48 57 67 75 68 61 67 64 66 48 52 50 47 65 69 46 24 54 68 61 71 59 79 56 69 67 49 69 68 68 68 48 65 70 72 78 58 72 77 82 73 63 62 48 53 69 66 70 63 69 66 64 49 59 46
51 65 66 56 40 61 67 65 73 64 73 54 63 68 54 68 60 56 66 57 72 62 74 78 57 67 77 83 72 71 51 62 56 68 66 70 62 69 67 66 53 55 46 53 66 65 61 40 54 71 57 71 66 74 55 64 69 64 70 61 60 62 55 72 71 75 78 58 71 78 82 75 67 54 59 44 67 68 69 63 70 66 65 48 53 44
53 59 62 57 43 54 71 67 76 64 71 56 60 73 63 66 60 57 61 59 68 69 68 78 57 70 75 82 73 68 47 58 59 71 82 70 65 69 68 67 51 53 51 66 60 65 54 40 58 74 67 76 62 67 54 57 74 48 65 58 61 60 56 69 68 72 76 53 68 77 84 71 67 50 63 55 72 79 70 65 70 68 66 52 56 48
56 52 60 63 23 62 74 67 77 64 77 62 63 71 59 67 60 59 59 66 70 72 70 78 53 68 77 84 73 70 63 47 50 70 77 69 64 68 68 70 52 51 43 66 59 63 59 38 60 73 62 77 62 78 59 66 70 59 75 59 64 61 58 73 69 72 78 59 71 76 84 76 72 56 58 60 69 78 69 65 68 67 68 53 60 47
47 62 71 71 38 57 72 57 76 67 78 53 66 72 49 65 64 57 59 61 73 70 73 78 62 71 77 83 72 64 57 57 57 72 76 70 66 68 69 66 50 52 38 52 65 71 63 41 64 72 65 73 64 74 65 60 71 57 71 64 62 66 59 70 69 72 76 53 69 76 84 71 67 60 63 48 68 73 70 65 69 66 68 54 59 48
62 54 64 62 41 66 72 69 78 69 76 58 68 78 43 72 62 63 65 58 73 67 70 77 65 71 77 82 79 71 47 71 69 73 78 70 66 70 70 67 55 61 53 68 62 66 56 43 64 71 71 74 67 82 58 65 79 59 70 62 64 63 58 77 74 74 76 60 72 75 82 74 72 53 68 54 71 75 70 67 70 70 68 57 66 45
48 58 62 63 48 65 71 65 71 65 77 67 64 76 61 73 57 63 54 63 73 72 70 78 60 70 77 83 74 65 59 73 57 72 77 69 66 70 69 64 59 62 47 62 64 68 60 50 65 74 68 72 67 74 65 60 78 54 72 57 62 57 61 74 71 73 77 53 65 77 84 77 64 56 68 39 73 75 70 68 69 69 66 58 62 49
50 60 65 56 44 59 71 64 75 61 68 62 64 72 47 68 58 54 58 61 66 64 68 78 55 63 76 81 74 70 55 61 51 67 77 69 60 66 64 68 50 49 42 49 63 66 55 36 52 69 62 78 56 77 53 67 72 52 64 56 57 63 55 62 72 72 78 54 71 77 82 69 70 57 60 42 69 79 70 61 67 64 68 48 53 44
61 59 65 59 55 57 71 65 71 54 75 58 67 74 46 71 62 60 60 60 68 69 69 76 63 68 78 80 76 66 49 58 58 71 69 70 65 68 67 64 53 51 44 65 61 67 47 38 58 73 64 76 59 67 55 59 74 56 75 60 57 60 48 72 67 72 77 52 70 75 83 75 66 49 53 63 72 70 70 65 68 70 63 53 59 47
57 55 61 60 48 63 73 63 78 65 78 55 68 73 61 71 57 57 58 61 64 73 71 78 58 70 77 84 77 72 58 64 58 69 79 70 66 70 67 65 60 55 47 67 64 63 59 46 61 70 64 75 58 74 66 67 71 52 75 55 63 62 58 67 72 72 78 59 70 77 84 74 70 63 67 57 70 79 70 66 69 66 65 59 58 50
61 52 57 38 28 43 70 56 72 50 68 40 52 66 35 66 57 47 53 36 67 64 76 75 49 66 72 81 69 60 43 50 50 70 69 68 61 65 65 56 51 41 51 57 59 60 56 28 46 70 61 71 58 64 44 58 64 34 67 53 52 56 53 57 60 69 75 43 66 70 80 63 55 49 49 46 61 66 67 59 64 62 57 53 56 48
44 60 61 65 41 58 72 61 75 67 72 64 66 66 57 64 59 51 60 56 70 63 64 78 57 63 75 84 69 66 47 54 61 62 75 70 61 65 65 64 47 51 44 58 50 69 60 36 52 73 56 74 53 71 51 64 69 51 74 61 52 57 47 72 73 69 78 40 69 76 82 71 71 55 53 52 68 74 70 67 68 67 63 57 57 44
61 64 58 64 29 70 73 69 77 68 72 55 66 75 52 67 60 60 63 57 68 74 67 77 61 67 77 84 74 70 59 63 58 69 74 69 64 68 68 66 56 57 41 63 60 67 52 28 49 68 60 76 60 72 50 64 78 57 72 64 61 69 50 72 68 75 78 48 70 78 83 75 70 64 63 64 72 70 69 66 68 68 66 55 55 46
55 62 69 65 48 67 74 68 73 71 76 65 69 77 54 67 63 58 53 63 68 75 65 78 55 66 77 84 78 62 56 69 61 70 76 69 67 70 70 64 59 59 49 61 64 67 56 49 62 69 67 77 67 79 62 59 72 51 76 60 63 66 53 74 77 74 78 57 73 78 84 71 69 59 62 59 73 70 70 68 70 68 66 55 63 44
63 57 67 64 53 66 73 68 76 64 75 61 67 78 63 77 65 59 63 57 76 70 76 78 62 70 76 83 75 71 53 60 62 70 80 70 64 69 68 69 53 58 51 68 65 70 55 42 63 74 68 75 62 79 60 69 75 62 72 63 66 59 49 73 72 78 78 59 69 78 83 74 72 57 53 56 70 82 70 69 70 69 67 59 64 52
65 65 65 65 52 66 74 70 78 71 80 61 64 76 56 69 65 67 65 63 69 74 70 78 51 71 76 84 74 70 52 67 56 73 75 70 68 70 67 65 53 55 51 72 61 71 62 42 58 73 68 76 68 76 60 63 76 53 73 64 65 60 61 75 69 73 78 46 70 78 84 74 73 52 60 55 70 80 70 67 69 66 69 58 56 56
63 62 67 51 51 67 73 71 76 64 74 64 57 75 51 68 63 63 62 58 74 68 72 77 55 70 76 84 79 71 43 52 60 73 70 69 65 69 67 66 59 48 52 66 67 68 49 39 63 73 69 74 63 75 52 65 76 57 69 60 64 63 57 70 72 68 75 59 72 78 82 76 71 57 60 60 69 75 69 68 68 67 67 60 60 53
59 66 68 63 40 63 73 70 78 69 75 57 67 77 59 69 63 56 61 56 71 71 73 78 64 70 76 82 74 70 51 63 53 68 81 68 64 68 61 68 57 57 46 66 60 62 57 35 60 72 62 74 68 81 55 69 76 57 72 60 69 65 52 68 74 74 78 62 72 74 84 76 73 61 53 62 66 74 69 66 68 67 64 44 61 51
66 61 68 66 42 66 73 71 78 69 72 58 68 75 65 73 65 63 61 68 74 69 76 78 65 73 76 84 79 72 61 66 63 72 75 68 66 69 70 61 56 59 47 63 61 70 62 35 68 74 72 77 66 81 68 70 79 50 75 61 63 66 66 72 69 71 78 65 69 78 84 77 69 61 59 51 74 74 70 66 70 70 68 63 62 58
54 60 67 53 36 63 71 71 75 65 78 55 64 70 53 73 57 58 58 58 75 70 75 78 58 67 76 84 72 65 56 56 51 73 70 70 66 70 66 67 56 61 52 53 60 63 56 42 59 70 67 74 61 79 61 66 75 59 70 59 62 61 51 75 70 71 78 54 70 77 84 72 67 59 62 54 70 74 70 66 69 67 65 57 66 54
50 55 69 60 37 57 71 60 76 66 75 60 64 71 42 65 66 61 62 61 72 71 76 77 48 69 76 83 70 73 60 41 55 68 57 70 65 69 64 67 38 47 45 65 59 68 57 35 54 73 65 72 63 76 57 66 75 47 69 60 58 60 54 68 70 71 77 49 66 75 83 71 71 51 57 55 68 63 69 62 67 65 66 51 56 51
62 64 64 61 50 63 74 71 72 67 77 58 61 78 67 65 63 56 58 58 69 65 66 78 55 67 72 84 75 70 52 65 55 72 79 70 65 69 69 67 50 49 51 58 66 61 51 48 56 71 62 72 59 77 55 62 74 53 68 57 58 66 49 76 71 69 78 51 71 76 84 73 67 57 64 57 71 76 70 67 70 68 67 60 56 51
57 57 66 62 57 70 74 72 76 72 76 62 62 79 62 67 61 65 63 68 77 70 75 78 57 72 75 84 79 73 44 68 55 71 79 70 65 68 69 68 63 61 53 69 63 71 55 42 64 73 71 77 64 81 56 70 79 58 66 61 70 67 58 76 70 77 78 61 71 77 84 77 73 66 51 65 71 80 69 70 70 69 63 55 60 58
54 60 63 56 44 64 69 64 73 63 72 60 67 71 49 68 57 59 62 58 69 64 68 77 58 65 71 80 72 68 49 63 49 72 78 69 66 68 68 66 59 58 42 62 59 62 58 28 55 72 62 74 60 80 53 64 75 48 72 62 54 57 53 68 67 72 75 49 68 74 83 75 66 57 46 55 71 79 69 65 68 67 68 51 57 50
63 67 64 62 34 69 72 71 76 69 80 61 71 78 48 73 64 68 67 67 72 70 75 78 68 72 76 83 77 69 54 62 59 72 74 70 68 68 66 69 50 60 45 72 70 66 45 35 65 73 69 75 67 79 58 68 77 62 73 60 66 69 46 72 72 72 77 62 72 77 84 74 67 65 64 62 71 77 68 66 67 68 68 60 61 58
60 63 70 63 22 63 70 64 78 65 79 57 66 77 55 73 65 57 62 54 77 76 75 78 65 71 76 83 74 70 48 61 65 70 70 70 63 68 67 68 58 58 52 67 69 67 51 39 63 73 66 77 64 80 63 73 75 55 72 61 57 64 52 69 70 72 76 60 71 77 82 75 70 60 60 65 69 74 68 69 69 66 67 58 62 51
65 63 62 70 41 67 72 72 77 68 77 63 68 80 51 71 62 58 64 68 74 69 75 78 60 70 75 84 76 71 59 60 55 70 72 69 66 68 70 66 47 59 49 63 62 69 58 29 54 74 65 77 67 76 58 67 76 55 74 64 64 67 65 72 72 75 78 59 73 76 84 78 64 59 61 57 71 82 70 69 70 69 69 57 64 60
59 57 68 67 40 67 73 68 78 68 74 66 68 71 67 61 63 56 61 63 66 70 71 78 58 69 76 83 76 71 47 53 61 69 80 70 64 67 68 67 56 57 52 69 65 72 61 41 54 73 65 73 65 76 61 68 74 43 72 65 55 61 56 69 72 68 77 60 72 77 83 75 71 64 60 54 71 79 70 68 68 69 60 53 60 53
54 64 69 68 45 70 72 71 78 71 77 66 62 77 66 64 64 65 68 64 71 66 73 78 53 72 77 84 79 71 49 72 57 73 76 70 69 70 70 69 61 60 47 69 65 71 60 47 62 72 70 77 61 77 63 67 76 56 73 63 65 69 62 70 72 71 78 59 74 76 84 76 72 61 69 59 73 76 70 67 70 70 68 60 60 46
59 61 68 59 47 60 71 66 77 68 76 63 66 77 50 67 62 57 62 67 68 66 71 78 56 70 76 84 77 70 58 69 59 71 80 69 65 69 67 65 60 57 50 64 67 66 53 38 56 74 65 76 61 82 62 72 79 54 65 58 62 65 56 68 71 70 78 55 74 78 84 77 69 65 66 53 71 78 70 69 70 68 65 56 60 48
64 68 63 46 38 64 74 67 75 67 73 63 69 76 53 69 65 62 62 61 77 75 76 78 59 66 77 84 77 72 50 61 57 71 76 70 66 70 68 64 54 59 50 71 64 67 52 40 59 73 67 76 65 79 63 68 79 54 75 62 65 62 53 69 75 72 77 53 70 78 83 75 73 55 57 57 72 78 70 65 69 67 66 59 61 49
56 57 62 55 33 60 73 63 76 65 66 59 56 71 47 75 59 55 55 55 74 72 74 78 55 68 74 81 71 70 44 43 48 66 80 69 63 66 66 63 41 48 47 62 58 66 51 24 52 66 61 65 58 69 60 65 70 55 77 59 58 64 57 72 69 72 70 60 70 76 76 71 65 63 43 52 66 76 69 62 65 59 60 47 51 46
48 52 63 63 46 63 73 69 78 64 80 57 64 75 46 67 57 56 60 59 67 60 69 78 59 67 73 83 78 65 44 63 52 71 71 69 62 70 67 65 59 54 47 67 59 64 44 37 53 74 63 76 63 79 48 69 76 50 66 57 60 60 44 64 71 69 78 51 67 77 84 76 68 61 64 59 74 79 70 67 70 69 67 57 62 46
51 59 62 56 33 53 67 63 76 59 71 58 67 68 48 74 57 62 60 50 69 71 71 77 56 72 76 81 69 68 51 48 44 68 78 70 65 65 66 63 55 53 46 62 59 67 55 36 58 71 64 73 61 69 60 65 71 54 71 56 56 56 57 68 63 71 75 56 62 75 83 74 59 53 64 47 67 79 69 62 67 65 63 49 59 45
61 62 64 55 45 62 73 70 78 65 73 47 63 75 44 64 62 62 64 55 68 66 68 76 63 67 74 84 77 70 55 67 59 70 76 70 65 68 67 67 59 50 49 61 65 62 44 43 62 74 68 77 61 76 43 62 74 44 67 66 63 66 48 69 70 73 77 52 70 75 82 78 69 57 60 63 70 69 69 66 70 68 63 60 58 51
52 63 64 64 46 61 74 68 77 69 73 55 63 73 47 70 60 57 56 66 71 73 78 78 61 68 76 84 71 66 48 56 47 69 69 70 63 68 66 63 54 52 50 69 65 69 52 37 55 74 63 76 62 79 49 64 72 52 74 55 57 55 49 68 68 74 78 60 68 75 82 72 70 61 54 53 70 76 70 67 68 66 66 57 58 50
62 52 68 57 45 58 71 65 75 65 74 57 69 74 63 75 58 53 51 55 76 66 78 78 62 67 77 84 71 72 52 55 54 68 68 70 64 67 69 65 45 55 45 60 63 66 57 37 60 72 61 72 63 74 61 63 69 57 75 62 58 61 54 69 72 72 77 56 66 77 82 70 68 62 55 56 73 72 70 68 68 68 63 53 66 49
59 65 67 65 46 65 73 65 77 68 73 68 64 74 69 74 55 57 55 65 74 69 75 78 48 68 78 83 70 71 52 64 58 69 78 70 64 69 66 66 55 58 49 67 59 70 56 44 61 72 62 74 67 75 64 59 72 61 75 55 59 58 61 78 73 74 78 54 69 77 84 75 70 57 58 57 71 75 70 67 70 68 66 57 63 54
64 62 65 52 42 56 70 67 78 66 72 54 55 76 56 64 64 58 63 53 69 66 69 78 57 70 77 84 73 66 49 59 54 71 77 67 60 68 68 62 48 54 44 61 63 66 58 37 55 70 60 73 56 76 50 69 75 44 70 64 61 60 51 65 64 69 77 58 71 77 81 72 65 54 56 53 68 71 69 67 70 70 65 53 62 51
49 65 70 61 46 65 74 66 78 69 73 62 62 69 55 64 65 57 67 53 70 73 76 78 61 70 77 82 75 70 58 61 58 71 68 70 63 68 67 70 60 56 58 67 65 71 57 45 47 69 67 72 63 79 59 67 68 56 77 66 65 61 50 75 70 75 78 64 73 78 82 75 69 63 57 56 71 71 70 70 69 65 66 60 61 55
54 56 68 53 39 57 72 64 78 64 75 51 69 72 54 70 57 60 61 54 71 70 71 78 54 68 76 84 74 64 48 60 50 68 68 70 67 69 66 68 43 53 40 57 63 64 63 34 50 74 63 73 61 72 57 63 74 51 68 57 62 62 52 65 67 67 78 62 71 77 84 72 68 57 62 55 72 65 70 64 69 67 65 46 56 41
58 61 67 53 45 65 73 66 77 63 78 59 64 72 52 69 65 58 60 57 71 69 69 76 65 68 74 82 73 71 50 66 60 74 80 69 65 69 70 62 58 65 56 69 60 70 61 32 64 74 67 77 70 73 60 64 78 43 73 53 55 49 58 72 72 68 77 68 67 77 83 75 73 58 62 51 73 82 69 68 69 69 66 49 61 55
50 52 60 62 36 61 66 67 70 65 73 58 64 76 45 67 56 59 60 56 66 65 64 77 62 65 74 83 69 65 53 59 45 72 67 70 61 68 67 65 53 57 50 61 57 66 50 45 59 70 67 67 60 76 56 63 69 44 73 50 54 59 44 74 71 72 78 56 68 75 83 73 69 44 57 41 71 74 69 64 70 68 63 52 53 45
68 62 64 57 28 64 73 72 75 68 78 62 67 78 62 66 59 62 58 61 69 69 71 77 58 70 73 84 76 69 42 52 47 69 72 68 66 67 66 67 50 45 44 67 62 66 51 26 57 74 63 74 63 75 51 71 74 44 68 59 64 60 52 69 68 74 77 59 72 77 83 76 69 61 51 56 68 74 70 66 68 69 63 53 54 49
53 53 64 52 42 60 73 65 78 63 67 52 64 72 58 61 63 58 65 60 66 66 70 78 56 68 77 83 74 58 41 61 58 68 70 70 63 68 68 66 50 49 44 63 64 64 45 39 50 72 64 75 55 71 60 62 75 55 60 67 61 70 48 62 67 68 76 48 72 78 82 71 61 58 51 49 68 72 70 65 69 67 66 49 57 43
44 56 65 54 43 57 70 52 75 64 72 55 58 62 56 67 61 58 57 58 72 62 73 77 61 69 77 84 69 70 53 54 45 66 70 70 63 65 61 63 54 49 50 49 48 66 59 34 57 72 53 75 61 74 55 57 64 49 71 57 58 62 54 74 65 75 78 47 67 74 83 72 70 54 55 46 66 70 70 62 68 68 64 51 56 41
61 61 65 63 49 61 72 68 76 65 81 59 69 73 56 75 58 62 57 60 74 70 74 78 60 68 77 84 77 69 54 54 58 72 75 70 67 70 70 68 64 54 44 70 61 63 58 44 58 73 65 72 66 79 61 68 76 57 77 62 60 61 56 74 71 71 78 53 65 75 83 77 70 58 63 59 68 81 70 67 70 68 68 60 63 51
49 51 62 57 35 55 70 61 75 65 73 51 67 63 53 71 59 57 57 60 71 63 68 77 60 66 75 82 72 70 56 51 48 66 71 68 62 68 63 62 46 52 45 67 58 67 50 21 53 71 62 70 57 75 51 64 74 44 70 53 59 57 47 66 65 71 76 54 64 75 82 73 65 48 50 58 69 67 70 66 68 65 58 51 56 50
65 61 60 62 40 64 72 68 77 70 72 64 63 76 55 71 57 59 56 58 72 69 72 78 57 68 77 84 78 69 53 52 56 71 79 70 69 69 69 70 56 52 54 62 58 58 52 41 56 68 59 75 60 81 58 66 73 62 72 58 65 62 59 74 71 70 78 64 72 77 83 75 71 65 60 54 70 77 70 66 68 68 66 55 56 47
56 62 59 58 48 62 72 68 77 66 70 56 60 71 56 66 49 53 49 54 69 74 63 78 57 66 73 84 69 65 47 54 46 65 75 70 61 67 64 64 53 46 46 63 59 65 56 48 55 71 62 70 55 75 48 55 70 49 74 54 51 51 45 63 72 70 77 64 64 75 83 74 68 57 56 48 72 75 70 68 69 63 59 55 52 46
56 66 68 60 31 67 74 68 77 68 77 64 64 74 46 72 66 61 67 68 68 72 75 78 64 73 77 83 78 63 50 56 61 72 75 68 65 68 68 62 62 54 50 68 70 72 53 22 64 72 68 76 71 77 60 66 76 56 71 58 63 61 55 67 75 74 78 61 73 76 84 75 66 56 60 56 72 76 69 65 68 67 62 61 56 52
68 67 69 61 43 67 71 70 76 64 77 62 65 77 59 70 67 58 66 64 70 75 78 78 65 69 77 84 78 67 51 66 61 72 77 70 62 68 66 68 49 50 56 66 65 72 60 40 56 73 67 76 66 76 58 69 78 60 77 65 60 70 62 75 71 74 78 57 72 78 83 76 71 57 55 59 69 79 70 64 69 68 68 51 59 47
52 55 64 48 39 51 70 58 75 52 75 47 62 63 46 69 60 54 60 52 67 70 71 78 58 67 72 81 70 64 50 51 48 67 74 69 63 66 62 63 42 45 41 60 49 63 50 34 45 68 58 71 55 69 54 58 70 40 72 60 52 57 56 71 67 70 76 52 62 72 82 71 71 49 50 51 63 76 70 63 67 65 62 49 50 45
62 57 68 59 44 59 70 66 73 66 73 58 56 76 59 74 53 50 55 64 66 71 72 78 64 66 78 84 70 66 54 54 52 70 76 70 63 67 67 64 48 52 48 64 55 59 54 44 58 74 61 75 62 81 52 62 73 46 74 56 58 57 50 74 73 73 78 57 66 75 84 70 71 50 54 55 68 74 70 65 68 62 66 49 60 47
61 57 65 68 38 65 73 70 78 62 71 66 65 76 57 74 63 60 61 66 76 70 73 78 64 72 77 83 79 74 56 64 55 71 81 70 65 70 68 66 63 61 54 66 63 67 59 37 54 73 71 75 63 75 61 70 78 60 73 55 67 64 62 74 70 70 78 63 70 77 83 75 69 68 64 59 72 82 70 67 68 69 68 61 67 53
64 56 67 64 52 69 72 68 75 70 78 67 66 79 61 75 64 61 63 63 72 71 73 78 59 66 76 84 79 73 57 63 69 72 75 69 64 69 70 69 57 60 55 64 66 64 55 26 62 74 69 77 65 82 64 67 78 51 76 68 66 68 50 74 75 73 78 63 70 76 84 79 73 61 52 61 73 75 70 68 68 68 69 57 61 58
61 65 70 64 39 63 73 68 77 65 75 61 71 75 44 69 59 54 56 63 69 76 74 78 61 73 78 83 74 68 55 54 55 70 80 68 63 70 67 66 52 48 49 67 69 66 61 36 62 72 65 74 63 71 62 61 75 64 69 64 55 64 64 69 67 71 75 56 70 77 81 74 70 56 45 56 70 78 70 67 67 67 65 56 54 56
58 53 61 58 35 53 68 66 71 58 71 52 68 71 46 65 58 57 57 51 73 61 67 77 62 71 74 81 75 69 48 50 60 66 80 69 64 69 67 65 49 54 49 64 52 61 59 30 60 67 58 72 60 73 50 57 76 55 68 57 54 56 59 69 57 65 77 49 68 73 83 73 68 51 44 46 70 76 69 68 69 69 66 61 57 53
59 64 63 60 46 59 71 65 77 63 78 60 67 73 60 76 61 59 56 60 77 71 73 78 63 70 76 84 74 69 66 66 56 69 76 70 65 68 67 63 55 59 54 66 56 66 54 40 62 73 67 75 65 83 57 65 76 49 76 55 58 56 50 76 72 75 78 54 69 76 84 77 70 59 63 52 70 75 70 69 70 69 66 61 67 59
63 63 65 64 47 64 71 67 77 68 78 64 66 78 52 69 62 61 59 60 72 71 73 78 66 69 76 84 75 70 54 62 61 72 71 70 65 69 67 66 57 60 60 59 66 67 61 37 63 74 65 74 65 80 58 70 79 57 74 66 61 65 52 74 72 73 77 58 73 78 83 74 68 59 60 47 71 73 70 69 70 69 66 55 60 52
50 56 63 59 36 56 71 68 75 64 77 58 67 66 52 69 59 53 55 58 73 71 72 78 55 68 77 84 71 68 50 45 48 70 68 70 62 69 69 66 48 55 47 61 54 60 55 44 53 71 61 72 61 78 51 61 69 49 71 52 58 60 51 67 73 68 77 51 69 77 84 73 70 55 62 55 71 75 70 66 68 68 65 50 62 50
53 62 65 58 50 63 74 70 78 68 75 60 65 75 61 72 64 56 63 55 66 73 73 78 59 67 77 84 75 69 49 62 59 70 71 70 61 69 68 69 56 48 43 56 60 65 53 46 59 68 61 76 66 75 60 61 72 58 79 58 63 66 50 76 77 72 78 53 66 77 83 74 72 60 59 55 67 74 70 65 70 69 67 54 62 47
56 54 68 69 47 63 71 60 78 72 83 63 67 71 58 72 58 62 58 56 71 58 70 78 64 71 77 84 74 71 62 64 50 66 76 70 67 70 69 67 61 60 50 57 63 69 65 48 59 73 64 75 64 71 64 66 75 61 75 61 63 61 63 73 70 69 78 57 72 77 83 75 72 63 63 53 72 75 70 66 69 66 64 58 58 50
64 60 70 64 58 70 74 69 76 69 70 62 71 72 58 77 61 58 63 65 70 74 77 78 54 67 77 84 77 70 40 70 58 73 76 70 66 70 69 67 60 56 44 66 56 66 53 55 63 73 67 77 67 77 65 70 75 59 76 60 62 62 61 71 75 73 78 52 73 78 83 79 70 56 67 67 74 78 70 70 70 69 68 56 58 53
58 67 61 54 34 55 69 62 75 62 65 56 64 71 44 70 61 54 59 55 70 75 74 75 60 64 72 79 72 70 49 58 50 70 74 69 60 68 66 62 56 45 52 69 52 53 50 33 44 67 61 77 66 74 63 67 71 58 71 52 52 57 48 71 70 71 77 49 61 74 82 75 66 54 40 64 68 78 70 63 68 69 68 62 55 54
63 62 68 54 34 68 73 70 78 68 78 57 70 76 54 72 67 66 62 50 76 67 76 78 58 70 76 84 78 72 60 67 55 72 72 69 65 68 67 67 52 59 54 68 57 65 47 28 63 72 65 73 68 77 57 67 76 54 72 65 63 64 57 72 69 75 78 61 68 78 84 77 68 60 64 63 71 78 69 65 70 68 68 56 65 59
60 54 65 52 25 64 72 62 76 65 72 60 62 76 54 61 62 52 58 52 69 65 68 76 60 69 76 82 76 64 53 47 56 68 69 68 63 68 61 61 50 50 44 57 61 62 50 24 60 72 63 75 60 67 57 62 72 51 71 57 55 57 53 74 68 69 77 55 67 77 84 72 67 57 36 57 67 73 70 65 67 63 66 54 61 49
49 59 57 66 40 63 69 66 75 67 66 58 64 72 51 68 52 60 56 60 61 68 66 77 54 70 76 84 72 57 47 60 47 68 77 69 59 68 68 65 46 49 41 50 51 65 56 33 49 67 61 75 57 73 57 73 68 54 67 54 62 61 53 63 70 63 77 55 69 76 83 68 56 58 56 44 66 76 70 65 68 65 65 51 54 45
57 52 62 64 34 61 73 60 74 67 73 57 58 67 52 74 55 51 49 58 71 64 74 76 53 64 75 82 69 67 53 53 46 68 77 70 63 66 65 63 58 50 53 57 56 65 57 26 55 68 65 71 62 81 53 68 70 49 71 58 61 60 55 63 71 73 73 62 70 77 80 72 60 63 50 41 70 74 70 66 66 61 64 48 48 44
41 53 66 62 47 56 71 54 76 62 72 52 71 61 54 69 62 52 57 51 69 69 71 78 59 65 78 81 62 68 58 53 48 64 76 70 67 63 63 64 50 55 42 50 59 67 53 42 56 68 63 77 62 67 57 62 68 48 72 57 52 56 47 61 66 72 78 49 73 78 82 67 58 58 53 49 65 83 70 63 66 60 60 53 51 48
53 57 66 59 42 59 73 67 75 60 74 64 71 72 55 70 60 63 61 56 71 73 75 78 55 71 77 83 73 67 53 53 53 71 72 70 66 70 68 67 57 59 43 62 60 66 59 46 63 73 69 75 66 73 55 63 72 56 73 59 58 60 50 74 72 73 78 52 70 76 84 72 67 57 59 57 72 77 70 66 68 68 68 56 64 54
67 66 65 68 52 63 74 68 78 68 78 65 67 76 65 73 63 60 67 61 76 75 73 78 60 72 78 84 77 74 61 74 58 72 73 70 66 69 67 68 59 54 47 63 72 73 62 44 58 73 66 77 65 80 58 70 77 63 75 62 62 67 55 78 74 77 78 62 74 78 84 75 69 64 69 54 69 79 70 69 69 68 68 65 58 46
49 67 67 61 42 57 72 65 72 66 69 61 58 62 48 76 60 53 56 62 66 69 71 78 61 72 74 84 68 65 56 53 52 62 76 70 62 67 64 64 48 43 42 57 64 64 56 40 53 72 55 75 63 69 51 64 69 51 76 56 61 59 58 68 73 72 77 55 70 78 83 68 67 59 48 46 63 71 70 62 66 63 64 49 51 48
59 60 66 52 32 67 74 67 74 68 77 55 68 73 53 62 58 57 66 55 71 68 74 78 58 70 77 83 70 68 57 66 56 70 65 69 66 69 67 66 50 58 46 61 66 66 55 39 64 72 66 76 67 78 48 57 74 54 71 65 58 66 54 74 75 71 78 54 70 77 84 75 70 46 66 52 72 70 70 66 69 65 66 56 55 49
60 59 64 57 41 56 67 59 73 57 65 52 50 69 30 73 62 50 61 49 64 65 71 77 51 66 72 78 74 66 32 41 62 73 75 69 65 70 68 66 46 38 60 69 60 62 49 40 54 70 62 73 58 64 49 55 69 41 70 60 55 60 49 69 70 70 77 47 65 75 80 70 71 33 41 64 70 69 69 64 69 68 65 56 48 52
71 67 68 57 38 67 69 61 77 67 78 64 70 78 62 70 66 60 65 59 71 70 73 78 65 68 74 81 76 71 57 66 68 71 77 68 68 68 67 65 61 55 56 66 60 64 62 36 63 74 70 77 68 76 63 67 78 58 73 63 59 66 58 72 74 72 78 52 70 76 84 77 70 59 41 59 71 80 69 67 69 69 68 61 57 48
65 64 69 64 45 62 73 70 77 70 78 65 69 77 58 71 68 62 61 61 74 73 76 78 66 71 77 83 77 73 47 67 50 72 78 70 66 70 67 65 61 60 57 61 65 71 62 35 61 74 71 75 69 80 65 69 78 62 66 68 65 65 60 75 73 75 77 59 72 78 84 76 74 62 62 56 70 81 70 67 69 68 66 59 62 56
66 67 69 67 42 68 74 70 76 68 80 62 72 76 56 67 66 66 66 68 76 66 71 78 62 73 78 83 75 71 63 61 61 72 72 70 67 69 68 67 52 55 47 71 66 68 59 35 59 72 67 77 68 80 66 66 77 61 76 64 64 65 54 76 74 73 78 51 71 78 84 76 72 61 63 65 68 71 70 67 69 68 69 57 62 49
54 61 65 59 33 54 72 57 74 65 70 57 60 70 43 70 64 56 59 56 71 67 70 78 54 70 75 83 70 70 54 54 54 70 66 69 57 68 63 62 49 51 48 47 62 67 57 34 54 68 56 71 60 73 57 55 69 50 70 61 59 63 46 68 65 72 78 53 70 77 83 72 69 58 56 52 68 69 69 62 67 65 67 60 51 52
70 63 69 56 31 66 71 66 77 64 78 62 63 76 57 67 58 58 59 68 71 73 74 76 56 69 76 83 74 68 60 55 66 71 78 69 64 66 65 65 52 53 52 68 57 67 53 27 65 71 65 77 65 80 54 65 75 48 70 62 63 67 63 69 69 74 77 56 72 77 83 75 71 59 53 63 70 80 70 67 70 68 67 55 55 49
48 61 66 63 37 58 70 63 75 66 75 65 67 69 60 74 62 65 64 59 72 70 72 78 69 71 77 83 73 69 57 58 58 70 70 70 68 68 66 63 55 52 44 60 70 71 61 32 63 70 62 76 66 76 61 65 75 59 74 61 64 65 52 71 70 73 77 63 72 78 83 77 70 65 56 55 67 71 70 66 67 64 65 55 50 48
55 66 68 67 40 72 73 72 78 70 79 67 68 78 50 71 61 61 55 66 73 73 76 78 62 71 78 83 77 70 64 68 61 72 76 69 65 69 67 69 59 45 49 73 65 69 52 42 62 74 68 76 67 80 61 69 74 52 71 59 67 68 52 68 72 76 78 62 71 77 84 77 70 69 61 67 71 78 69 66 70 68 68 59 60 59
60 62 68 66 49 68 74 72 78 71 76 61 61 78 64 75 62 62 61 63 74 77 77 78 55 70 76 84 76 73 49 69 56 68 73 69 64 70 68 69 58 60 54 64 62 65 38 47 63 73 70 70 62 81 57 65 78 62 77 61 67 61 47 79 68 74 78 71 73 78 83 76 70 62 70 51 71 82 70 67 70 69 68 59 64 49
50 58 62 65 43 56 71 56 75 59 64 58 58 67 47 71 56 53 55 53 72 71 68 77 56 67 77 83 73 62 52 43 49 70 76 68 59 67 63 58 38 48 39 61 60 64 56 37 54 67 62 73 58 73 58 62 66 55 67 53 54 59 51 63 66 67 77 53 61 75 81 70 63 53 50 54 61 79 70 60 66 64 65 53 51 45
73 60 69 67 58 65 73 69 76 70 77 64 70 79 62 73 64 70 67 68 77 74 76 77 63 73 76 84 79 71 57 68 65 73 81 69 68 69 69 68 63 58 57 75 71 71 61 31 65 74 71 76 72 83 64 73 80 55 67 65 72 70 57 69 69 74 78 68 74 78 84 80 71 65 56 69 72 77 70 70 70 70 67 64 62 61
64 58 63 58 38 55 69 62 77 65 76 59 59 72 58 74 57 56 60 59 69 69 73 78 64 68 77 82 76 65 54 52 54 68 77 69 66 67 65 65 52 48 46 58 64 67 57 39 60 71 59 76 63 70 63 60 69 59 73 59 58 55 54 70 72 69 77 63 65 76 83 72 69 57 55 48 71 78 70 67 69 65 62 58 53 50
54 61 69 64 39 64 73 69 78 70 73 55 68 77 55 67 63 63 60 52 66 73 73 78 58 70 74 83 77 68 43 67 52 72 74 70 63 68 69 67 60 58 50 66 57 68 56 38 58 73 68 74 64 79 54 65 78 50 66 61 64 64 54 73 66 75 78 53 71 76 82 78 71 55 61 60 72 75 69 66 70 64 65 62 61 49
69 58 68 64 49 60 72 66 76 66 71 63 69 78 62 71 61 55 60 64 73 68 74 76 64 66 76 81 76 71 49 56 61 72 66 69 66 70 69 65 57 63 55 60 55 63 62 38 52 70 63 77 62 80 59 69 72 49 76 62 59 64 55 70 70 75 78 47 71 78 83 75 69 41 55 57 73 72 70 69 70 67 65 59 63 47
69 64 69 64 20 62 72 66 77 68 72 57 56 73 55 74 65 60 60 60 76 71 73 77 48 65 75 84 76 73 55 58 65 68 69 70 63 68 68 70 55 52 54 67 56 68 57 32 50 71 65 75 62 79 51 60 73 53 73 64 62 65 55 74 71 75 78 46 71 76 83 72 72 64 55 60 71 72 69 67 69 68 66 55 59 59
68 66 68 49 33 58 74 68 75 67 68 57 63 76 43 72 54 50 57 50 71 73 76 77 54 67 75 83 77 70 51 66 63 73 77 69 61 68 68 67 60 53 45 58 62 67 64 38 57 73 64 75 63 76 60 67 71 55 71 53 61 61 61 76 68 72 77 58 69 74 82 71 70 54 61 52 69 70 68 63 69 65 64 60 60 47
56 59 62 59 30 61 72 64 75 65 80 60 73 76 58 75 62 70 66 60 72 65 73 77 71 73 78 82 77 69 57 49 52 69 76 69 64 66 65 65 55 49 47 69 60 67 55 30 59 72 68 73 63 77 62 62 78 58 72 61 61 65 52 75 67 72 77 53 73 78 84 78 71 62 47 55 70 75 69 66 68 67 66 57 58 55
53 53 70 58 42 62 71 64 75 59 70 56 60 68 55 69 62 54 56 53 62 70 71 78 54 65 76 83 66 69 50 54 59 71 71 69 63 69 68 62 59 45 46 64 58 65 57 38 56 71 65 74 60 73 55 68 75 51 68 56 50 55 56 60 67 66 77 50 63 77 82 72 65 60 49 50 68 74 69 68 68 67 64 55 58 44
74 64 67 65 44 66 73 66 78 67 79 64 68 77 61 71 67 64 66 62 70 76 74 78 65 68 77 83 79 72 51 65 69 73 80 69 67 69 67 67 62 56 54 71 66 70 64 32 59 74 69 77 67 81 64 70 78 58 72 65 63 67 57 74 73 71 78 54 71 78 84 78 71 59 63 66 72 78 70 62 70 69 68 59 60 54
54 55 60 59 42 60 73 62 78 59 75 58 66 73 57 73 60 59 57 62 70 77 65 78 56 67 74 83 74 67 53 62 60 72 74 69 63 69 69 68 58 50 49 66 56 65 58 31 54 72 66 76 55 75 66 61 74 53 73 60 55 58 51 77 75 65 78 47 63 75 83 76 71 52 55 59 70 74 70 64 70 68 68 59 57 48
55 57 58 61 35 59 72 70 78 69 76 62 57 78 52 67 59 64 61 61 71 71 67 78 54 70 77 84 75 64 49 65 54 72 81 70 66 69 65 69 60 46 61 64 60 66 53 34 60 73 64 75 56 77 59 64 77 51 65 56 66 65 56 65 68 68 77 53 72 76 82 77 67 61 55 66 71 75 69 66 69 68 65 58 61 63
54 55 66 56 37 57 69 66 77 68 76 61 58 73 55 73 55 58 63 62 76 71 77 77 53 69 76 83 74 70 47 51 51 71 76 70 65 68 68 64 53 57 48 57 62 64 59 32 58 72 66 73 65 76 57 67 68 51 70 55 63 58 56 72 69 72 76 53 67 76 83 71 65 57 64 55 69 70 69 66 68 67 63 56 61 44
54 59 65 63 32 65 71 66 77 69 77 55 69 75 52 66 55 65 66 60 70 71 71 78 57 68 76 84 74 70 62 58 57 70 61 69 67 69 68 66 51 58 47 62 59 66 61 34 62 71 66 73 66 78 57 65 75 57 70 58 62 65 46 71 70 70 78 53 68 77 84 75 71 60 61 60 70 62 70 65 69 68 67 54 62 53
57 67 65 50 40 66 71 70 76 64 77 56 69 76 46 70 63 61 64 50 69 73 72 78 66 71 78 83 75 64 57 58 53 70 78 70 65 69 69 65 55 55 56 69 68 61 47 40 54 71 63 75 62 75 60 62 74 46 71 63 63 65 47 66 73 72 77 59 73 77 81 74 62 60 61 68 69 74 70 67 69 68 66 59 61 57
52 53 66 51 21 58 69 65 70 63 75 49 67 75 45 59 59 57 58 48 63 67 70 77 65 68 76 81 72 63 46 52 52 68 66 68 65 66 63 61 47 53 46 52 61 56 55 21 51 71 64 67 63 76 60 69 75 41 72 51 60 60 48 68 69 69 77 58 65 73 81 72 57 52 50 35 68 73 68 64 66 67 66 56 52 42
62 63 51 56 35 69 73 67 78 70 72 59 59 76 41 71 57 65 63 56 70 74 67 76 58 66 76 81 77 69 53 57 55 70 72 70 66 69 70 66 63 49 54 61 64 56 56 29 52 73 61 74 60 74 53 63 74 55 74 60 63 67 58 72 72 70 76 56 70 75 82 72 70 54 63 59 72 76 70 62 69 68 63 59 54 46
71 61 63 68 37 67 73 70 74 70 79 68 66 78 64 67 66 65 65 68 74 67 73 78 63 70 75 84 77 72 58 67 52 70 70 68 64 67 59 68 58 46 42 66 64 66 54 38 56 71 66 74 63 77 60 70 78 63 74 64 67 64 56 75 73 76 77 65 73 77 84 75 73 66 38 47 71 77 70 68 69 66 69 60 60 52
69 66 68 67 36 69 74 72 78 70 77 71 70 79 58 79 66 56 62 68 79 73 77 78 66 72 77 84 80 73 60 70 74 73 78 70 69 70 69 70 58 57 50 69 65 66 61 45 61 71 68 75 67 79 65 69 76 68 77 68 69 67 60 79 71 77 78 68 73 77 84 79 73 71 70 66 73 80 70 69 69 69 70 65 67 58
59 54 68 64 35 66 74 65 77 70 80 57 67 76 55 71 66 59 65 68 77 66 78 78 64 69 75 83 78 72 51 63 54 71 69 70 67 70 67 68 54 53 46 65 63 66 61 46 61 71 65 76 66 79 57 71 75 60 72 63 61 63 60 74 68 73 78 56 71 76 84 75 69 52 69 61 70 77 70 67 69 68 69 53 65 50
61 54 63 62 52 68 74 65 76 67 75 60 64 77 48 74 60 52 59 69 67 70 73 78 59 70 75 84 74 71 53 64 58 69 66 69 64 69 65 62 65 48 48 68 56 64 60 42 58 74 64 72 58 73 55 67 76 49 71 55 62 61 56 71 66 70 77 55 72 77 84 75 72 63 58 59 74 74 70 63 70 67 67 56 59 49
49 60 69 65 43 65 71 66 77 67 78 65 64 72 50 71 65 56 62 68 70 74 75 78 59 65 76 83 74 70 40 62 56 71 79 70 66 70 67 67 59 53 52 66 55 70 63 41 58 73 67 74 64 78 55 68 78 53 74 66 58 63 55 76 71 76 77 51 72 77 83 75 70 59 55 60 72 81 69 66 68 68 63 57 57 47
41 60 70 64 44 58 62 59 74 64 75 64 63 67 55 74 66 56 60 62 75 70 71 77 51 69 75 82 74 67 42 62 50 66 77 69 64 67 66 67 51 52 42 54 64 61 62 39 59 70 64 75 65 77 58 69 74 50 73 47 59 59 55 64 67 74 77 63 66 77 83 65 60 54 62 34 65 76 70 66 65 67 68 53 58 46
56 59 62 61 41 58 69 62 77 62 66 50 62 72 50 65 57 52 55 56 67 67 71 77 62 65 76 83 75 67 54 60 61 69 78 69 64 68 67 67 52 47 47 60 63 64 58 28 58 72 63 76 67 73 56 54 73 51 65 60 54 59 56 66 68 67 78 54 66 75 84 76 64 60 49 54 72 77 70 63 69 67 61 49 47 43
58 62 69 59 48 65 70 66 77 66 75 59 67 73 61 66 64 61 64 62 63 68 70 78 65 72 77 84 76 68 55 64 52 71 82 70 66 68 68 70 60 56 55 68 63 68 49 44 60 74 67 76 57 81 58 64 76 53 74 66 64 64 53 69 74 70 78 51 71 77 83 80 72 57 66 63 73 80 70 64 70 70 66 54 55 52
60 56 65 58 35 56 71 64 73 64 81 60 67 77 42 68 63 68 66 55 68 67 72 76 57 71 75 83 77 69 46 70 49 73 77 70 66 69 69 69 50 58 57 65 59 64 60 23 58 74 66 76 63 80 62 68 77 63 71 64 66 64 59 71 69 72 77 56 69 74 82 76 72 56 59 50 70 77 70 65 69 68 68 59 63 61
73 61 69 64 40 62 73 68 77 68 73 52 63 77 52 66 62 55 62 55 73 71 76 77 56 73 77 83 76 72 51 55 60 74 82 70 63 69 67 68 56 52 52 65 66 64 63 30 64 74 64 75 66 78 61 59 78 57 68 57 67 63 62 71 67 73 78 54 71 76 84 74 61 60 58 61 70 74 70 63 68 69 64 59 63 54
62 61 68 57 42 66 72 69 73 68 72 63 63 76 43 69 60 55 59 51 69 69 75 78 62 68 71 80 78 72 43 71 62 72 82 70 64 69 67 62 59 50 50 69 65 68 56 32 53 73 64 75 56 78 61 66 74 59 73 60 58 61 51 66 70 73 77 53 70 74 83 74 70 57 54 57 72 77 70 65 69 67 68 55 64 55
60 66 67 61 36 69 71 70 78 69 76 60 65 76 47 71 63 59 62 57 69 76 72 78 61 66 76 84 76 74 51 65 54 71 80 69 64 70 69 68 64 60 58 73 64 69 54 43 62 72 69 77 64 77 58 66 78 49 72 66 63 62 55 74 75 75 78 51 67 75 83 78 70 57 65 64 73 75 70 64 70 68 68 62 58 49
67 62 66 64 55 61 72 67 77 68 74 69 63 71 59 70 56 55 60 71 71 72 72 78 66 67 75 83 75 70 52 69 58 72 78 70 60 69 69 67 56 66 55 63 64 69 57 43 57 73 62 76 63 79 65 71 76 59 77 58 61 59 53 74 71 75 78 52 71 78 83 73 72 58 56 54 72 75 70 67 69 66 67 64 66 59
61 64 68 60 34 61 74 68 78 69 74 64 64 77 54 69 68 59 60 62 68 71 72 78 60 69 77 82 74 66 50 65 58 74 80 70 63 70 70 67 58 58 48 67 67 70 57 43 59 73 63 75 67 76 63 63 76 62 71 67 56 65 55 70 70 76 78 59 71 77 84 71 68 53 56 55 69 78 70 68 70 68 68 57 59 52
62 59 60 62 43 65 73 66 75 67 73 68 65 76 56 66 57 62 64 64 68 66 67 77 56 70 75 81 73 69 56 64 61 71 78 70 62 69 68 65 49 58 42 63 69 66 64 31 64 74 64 72 65 73 62 61 75 52 70 62 59 67 58 73 68 74 78 49 71 76 84 72 72 54 48 55 70 78 70 64 69 68 68 52 62 48
55 65 68 51 39 56 71 68 76 60 75 53 54 73 56 67 63 56 59 52 72 72 71 77 50 67 76 84 76 68 40 52 61 70 80 69 64 68 68 64 48 52 48 66 59 65 51 40 57 73 64 76 60 67 54 58 72 54 69 61 57 60 55 73 70 76 78 51 65 76 82 75 68 51 55 60 69 78 69 61 68 67 66 43 51 52
51 50 64 60 46 48 73 62 78 67 74 59 63 66 58 76 61 52 56 57 69 66 71 78 54 65 75 82 70 67 49 56 54 66 73 70 61 68 66 65 51 50 43 63 58 68 53 38 51 70 60 74 51 73 59 63 71 54 75 60 53 62 48 73 69 73 77 54 67 77 83 70 71 55 54 57 64 69 69 62 68 63 62 59 58 52
64 59 67 66 43 62 70 61 78 66 72 64 56 72 66 74 64 56 61 64 72 64 72 78 57 71 76 83 74 71 44 55 45 69 73 70 64 69 65 68 54 51 51 66 61 68 61 39 46 72 63 77 56 80 57 67 70 57 74 59 66 61 60 74 67 71 78 53 73 78 82 74 70 56 58 52 71 69 70 65 68 67 69 57 54 53
61 59 65 57 48 60 70 67 74 66 79 62 71 72 40 66 59 61 58 64 73 72 74 76 65 64 76 83 77 72 44 51 63 70 57 69 65 69 70 62 43 58 48 67 58 67 42 31 57 73 67 74 62 78 53 61 73 41 72 60 58 56 63 72 74 74 76 51 67 75 84 77 72 55 52 64 69 63 70 68 69 70 62 56 68 53
66 59 64 62 43 69 71 71 78 65 77 69 62 77 67 74 63 55 61 68 68 72 69 78 65 68 75 84 77 68 54 64 63 69 73 70 64 68 67 68 57 51 54 65 64 68 52 40 53 73 63 77 60 77 64 66 76 63 76 62 59 64 60 75 76 70 77 56 71 77 81 76 71 57 54 60 71 73 70 67 69 67 66 58 57 58
57 60 67 60 37 62 73 65 74 68 75 52 64 72 46 69 59 59 60 57 72 68 73 78 58 68 73 83 76 69 52 67 60 70 77 70 63 68 68 62 53 52 53 63 62 62 49 34 56 72 64 76 59 77 57 64 73 50 67 64 58 64 58 64 68 73 78 56 70 75 83 74 69 54 57 52 73 77 69 68 68 66 67 43 58 48
72 61 63 61 40 65 73 69 78 69 79 62 67 74 59 73 60 64 67 69 72 70 74 77 53 71 77 84 76 72 61 62 62 70 79 69 67 68 67 67 59 59 58 72 66 61 63 35 57 72 66 78 65 76 64 66 77 63 76 66 66 69 61 77 74 77 78 53 73 77 82 76 73 55 51 63 71 74 70 66 68 70 69 63 60 62
46 59 65 57 36 64 73 69 77 61 73 55 66 71 40 69 58 55 60 59 72 65 67 78 61 69 75 83 75 69 58 55 45 69 74 68 64 67 66 66 50 49 44 57 62 67 46 22 51 72 66 76 56 75 57 63 75 49 67 57 58 63 47 68 70 69 78 54 71 76 84 72 67 53 55 51 67 68 68 62 69 65 60 54 53 48
49 64 70 70 45 71 73 68 78 71 79 68 65 76 51 67 65 65 70 65 71 72 71 78 64 71 78 84 79 70 52 63 63 71 79 69 68 70 68 65 57 53 52 55 67 70 69 49 64 70 71 75 69 77 65 64 74 62 74 68 68 69 61 71 75 73 78 65 74 78 84 76 63 60 66 60 73 78 70 69 70 68 65 59 58 56
66 62 65 69 31 60 70 67 78 68 74 65 59 75 54 69 58 59 58 69 70 75 73 78 63 69 76 83 76 69 53 61 57 71 79 70 65 67 68 67 59 59 55 68 63 67 65 38 59 71 66 76 62 81 61 58 75 54 73 65 67 68 57 71 73 66 77 51 72 75 83 77 69 65 56 62 70 76 69 68 69 67 67 59 61 54
57 62 67 64 34 58 71 69 78 69 74 59 66 73 44 70 59 55 64 57 69 74 74 78 55 72 77 83 76 72 50 59 57 71 78 69 64 67 67 69 56 53 56 65 69 62 56 36 63 73 67 75 66 79 57 59 75 61 65 60 63 63 60 67 72 70 77 63 68 76 83 73 68 60 59 49 67 80 70 67 70 68 65 56 59 49
57 55 63 59 36 59 71 65 77 59 68 52 57 68 45 68 60 53 55 56 65 72 73 78 53 66 76 83 70 64 49 57 52 70 76 69 63 67 65 67 49 47 47 58 63 69 60 43 46 69 60 75 60 75 47 61 70 48 74 66 58 62 50 67 74 73 78 46 70 77 82 70 62 52 49 49 66 77 70 63 69 69 61 52 50 41
69 56 63 60 29 66 72 69 77 66 79 65 68 74 53 69 68 60 67 62 70 66 72 77 66 73 74 83 76 73 57 60 57 73 74 70 67 70 67 66 59 58 50 72 64 68 56 39 57 72 70 77 66 80 63 63 78 58 66 66 65 68 65 70 61 76 78 60 72 77 83 78 69 47 68 47 71 74 70 68 70 66 68 54 56 48
72 61 64 67 33 69 74 72 78 67 82 67 71 79 63 67 60 66 64 67 76 68 76 78 59 73 75 84 79 72 54 70 66 72 74 70 69 70 68 68 63 62 53 72 70 69 61 44 66 74 68 77 65 79 62 67 77 62 74 67 67 69 63 72 74 72 78 68 72 77 84 77 74 58 68 59 74 77 69 69 69 70 67 60 65 54
55 52 58 64 26 60 73 64 73 65 74 53 62 72 54 63 54 54 60 61 57 66 61 77 55 70 75 83 74 66 54 53 48 71 75 68 60 65 63 59 48 51 39 48 66 59 53 20 54 73 61 74 62 67 54 58 68 55 70 59 57 64 49 69 63 71 76 56 66 73 81 65 71 57 40 45 73 71 68 65 67 68 64 56 58 45
64 63 61 60 39 53 73 59 76 63 69 49 59 68 52 63 63 52 60 58 71 64 68 77 62 69 76 82 69 69 52 54 49 67 68 68 61 67 64 62 53 51 52 54 61 63 58 35 48 67 60 74 59 73 57 60 65 48 75 58 54 60 55 75 71 71 78 50 68 73 83 67 63 50 54 45 63 58 70 63 69 64 65 53 57 51
60 65 70 61 42 69 73 68 78 69 77 69 71 76 65 69 67 62 63 65 79 73 78 78 68 70 77 84 76 73 59 67 55 70 75 70 68 70 67 67 61 66 52 71 66 67 56 42 62 74 70 77 66 79 66 66 77 61 79 68 68 69 63 74 75 77 78 57 74 77 84 77 72 61 61 57 71 73 70 70 70 66 70 59 67 53
62 64 66 56 44 63 73 66 77 67 73 62 59 77 66 71 66 58 61 59 72 69 76 78 59 71 78 83 76 67 53 57 59 74 75 70 66 70 70 66 61 54 56 66 61 65 58 40 57 73 65 74 56 78 63 59 75 61 70 60 62 69 57 74 66 75 78 50 74 77 83 75 72 58 54 59 72 73 70 70 70 70 67 58 61 51
71 66 68 59 45 67 73 69 78 66 78 68 70 77 49 77 65 66 66 68 79 75 76 78 63 71 78 84 77 72 60 72 69 71 79 70 68 70 70 65 60 63 63 68 65 69 58 49 63 73 70 76 69 80 65 71 78 60 75 69 64 67 66 79 72 77 78 60 73 77 83 78 70 64 67 69 72 75 70 69 70 69 68 57 65 48
70 62 69 70 36 68 73 72 78 70 76 66 64 78 58 73 64 62 64 68 73 73 74 77 65 72 77 84 78 72 46 66 66 74 81 69 66 69 69 68 61 63 54 70 69 70 52 36 63 73 71 74 67 80 67 67 77 53 72 69 64 66 59 73 71 74 77 60 73 77 83 78 72 64 70 63 72 78 70 69 70 70 67 62 64 56
60 60 64 60 44 57 71 61 74 68 72 59 68 69 59 66 58 58 64 65 71 69 76 78 59 71 77 83 73 63 53 58 56 64 78 70 63 66 66 68 57 51 49 60 63 65 66 36 49 71 63 72 63 79 59 62 74 49 69 57 62 60 55 70 71 71 78 55 72 77 83 71 66 61 55 52 68 78 70 69 67 68 66 57 59 52
50 67 66 64 43 68 73 66 78 70 76 63 66 76 67 71 65 58 61 65 73 71 75 78 61 70 77 83 76 70 56 64 62 68 75 70 65 68 68 67 61 57 57 57 61 63 62 40 62 74 70 74 67 81 67 71 76 55 68 61 64 67 58 70 71 70 76 59 72 77 83 77 71 66 58 55 73 79 70 69 70 69 68 58 62 54
45 56 66 64 51 65 71 64 73 70 72 56 64 72 58 64 51 56 54 56 66 67 70 78 60 68 77 84 71 71 44 62 51 69 70 70 69 69 69 65 57 59 44 60 61 65 60 42 58 73 56 70 60 75 58 69 67 58 71 54 57 57 53 62 60 69 77 56 70 75 83 74 63 51 63 47 73 76 70 68 69 68 64 63 61 50
53 61 67 60 31 70 72 59 76 69 75 61 63 69 60 63 63 56 61 57 69 59 75 78 52 72 77 83 71 70 52 58 46 71 71 68 66 67 68 66 50 58 50 67 59 66 62 24 61 72 64 75 64 75 51 63 76 51 65 64 63 60 53 70 62 73 78 55 70 73 83 77 71 53 62 56 69 72 69 63 68 67 63 55 60 53
61 61 68 63 53 67 74 69 75 62 77 63 66 72 59 74 61 53 55 65 72 69 75 78 62 69 78 83 76 74 53 60 57 70 76 68 65 67 68 66 53 52 49 63 61 68 50 46 59 73 70 69 63 79 68 69 74 55 70 63 59 58 56 74 66 72 75 51 71 78 83 74 71 58 61 56 68 74 70 67 70 70 68 59 62 49
51 63 70 64 45 68 71 72 78 69 80 66 66 75 60 79 61 63 60 63 76 74 78 78 59 70 78 84 75 68 62 65 58 72 80 70 66 70 69 66 61 61 60 64 67 70 57 50 64 73 68 76 64 82 60 67 74 60 76 59 64 60 52 75 74 79 77 62 70 78 84 78 71 62 69 50 70 77 70 70 69 68 65 64 65 62
50 60 66 63 40 59 73 65 77 68 66 62 63 70 50 71 55 47 57 68 67 68 70 77 52 66 75 83 75 70 51 60 48 66 80 70 66 68 62 69 50 51 53 65 63 62 52 36 49 71 62 75 57 79 54 65 70 45 70 57 55 61 57 75 73 71 75 48 68 76 82 71 70 58 50 57 66 77 70 67 68 66 66 57 58 51
69 62 68 65 33 65 72 65 78 67 74 60 61 73 53 72 64 58 57 67 68 67 70 78 55 66 75 83 78 72 53 62 55 71 78 70 62 67 68 68 56 51 42 68 62 62 59 31 52 73 66 72 61 77 56 70 76 52 68 66 59 63 55 72 66 70 78 48 69 74 83 77 70 54 55 51 69 76 70 65 69 68 66 58 62 48
64 60 67 61 45 66 70 65 76 62 73 56 69 77 47 70 64 61 63 53 68 72 74 77 60 70 75 80 76 70 49 55 56 71 81 69 66 69 69 63 60 56 52 64 60 67 64 32 62 72 63 77 64 77 62 59 78 53 71 57 63 64 62 74 71 74 77 54 70 77 83 77 64 53 45 56 69 80 70 67 69 69 66 62 57 46
67 61 65 65 48 65 74 71 77 70 81 62 71 79 59 68 64 59 65 64 72 64 71 78 61 71 76 84 78 73 60 69 55 73 76 70 66 70 70 68 59 60 51 74 63 63 56 42 55 74 70 77 59 76 60 67 77 59 62 60 68 69 56 74 66 71 78 67 74 77 84 78 73 62 67 66 73 78 70 69 70 69 69 59 63 58
72 56 68 61 37 62 73 70 78 67 75 56 69 75 54 67 63 58 57 58 69 70 68 78 54 70 75 83 78 72 61 63 72 73 78 70 66 70 69 66 61 58 56 71 63 68 54 32 63 73 69 78 64 79 59 62 75 54 61 53 64 65 57 62 73 66 77 55 70 76 82 77 72 58 64 66 73 78 69 68 69 68 67 62 57 49
49 63 67 59 22 63 71 71 78 65 71 51 57 70 53 68 63 53 59 55 68 65 70 78 58 65 75 82 74 67 55 47 54 64 72 69 60 66 65 60 41 49 46 61 63 65 54 35 56 73 59 73 58 76 48 64 65 47 68 63 57 63 47 71 65 72 76 53 70 75 80 72 69 55 58 53 67 69 69 61 68 69 61 42 48 46
60 62 71 56 38 63 71 65 73 68 78 62 60 75 55 72 63 63 59 68 67 69 72 78 57 71 78 84 76 70 47 56 58 69 75 69 66 68 68 65 56 51 45 63 64 67 63 34 60 73 64 74 64 77 62 66 76 55 72 57 59 59 60 75 75 74 77 60 72 77 82 73 70 59 58 59 71 77 70 68 68 69 65 46 55 40
58 64 68 61 38 63 72 67 76 63 82 61 69 74 56 73 61 59 60 63 72 73 72 78 62 72 77 84 73 70 60 57 64 71 75 70 65 69 70 68 60 67 62 62 68 70 61 34 60 73 67 76 64 72 64 62 77 62 68 60 55 60 63 75 73 74 77 49 72 77 84 75 73 54 55 56 72 80 70 66 70 70 67 61 65 52
54 61 66 67 35 61 70 60 77 66 69 57 57 71 65 61 64 54 60 53 71 65 70 78 54 67 74 80 70 57 55 56 50 71 80 69 63 68 69 63 58 52 48 57 62 69 53 34 55 71 62 73 58 67 54 56 73 58 63 63 55 63 48 66 72 67 78 65 72 77 83 74 64 54 53 55 70 79 70 64 68 68 61 53 59 50
47 60 60 56 38 64 72 66 74 66 77 49 65 64 53 70 56 53 57 61 67 71 66 78 61 67 75 84 70 65 51 62 59 70 71 70 63 69 65 60 51 47 41 56 55 65 44 46 62 71 63 73 67 72 48 59 74 57 73 51 53 59 43 66 63 62 77 52 66 77 82 75 65 56 48 52 69 71 70 63 69 68 67 57 53 46
61 58 65 66 46 70 72 71 78 71 71 68 68 78 69 75 63 64 62 66 69 64 70 78 57 70 77 83 77 67 57 60 61 72 73 69 65 70 68 66 54 53 49 64 66 68 55 36 59 72 69 77 61 76 56 64 76 58 77 63 68 65 55 78 75 74 78 55 72 77 84 74 70 57 58 58 72 76 70 68 70 69 68 62 61 52
60 63 65 65 40 64 68 66 77 66 72 66 64 76 55 72 63 58 61 61 70 71 72 78 64 66 75 84 76 71 50 54 57 68 79 69 61 67 67 68 53 52 49 64 67 67 57 29 54 72 59 77 61 82 62 67 67 55 71 65 65 68 55 71 69 72 76 57 73 78 83 73 70 62 40 45 67 78 70 67 69 66 64 58 63 46
50 58 70 54 32 57 72 65 77 61 72 62 68 74 49 68 63 62 57 58 66 69 73 78 51 69 78 84 76 65 46 49 51 72 73 70 65 69 69 67 60 56 50 68 65 67 52 38 62 70 69 72 66 77 58 59 76 62 73 59 60 61 53 69 75 71 77 56 69 77 81 74 68 59 63 49 67 73 70 66 69 68 65 58 63 41
55 64 54 51 37 56 62 66 62 63 62 58 61 68 48 60 55 50 49 53 52 58 60 72 59 60 73 69 65 53 47 54 54 63 76 67 58 65 64 58 40 48 53 40 58 50 59 28 44 57 62 63 53 64 53 58 68 31 66 54 50 63 51 57 70 60 74 52 66 77 71 68 40 52 53 39 71 70 69 66 69 67 53 47 42 43
70 62 70 65 43 67 72 66 75 71 76 64 64 75 57 74 64 54 61 64 75 73 74 78 55 67 77 83 76 70 52 64 63 70 80 70 66 68 69 66 53 51 53 67 66 67 57 33 65 67 67 74 67 77 60 65 76 48 69 67 61 64 61 70 70 69 77 58 73 76 81 77 69 39 49 60 72 75 70 69 70 69 66 57 65 54
52 63 66 69 46 68 73 67 78 72 78 63 63 76 65 68 64 62 63 65 70 72 74 78 59 68 77 84 79 71 48 69 59 71 77 70 68 70 68 68 55 61 51 60 66 67 50 40 59 73 69 76 59 83 60 71 73 59 74 62 67 67 53 75 74 70 78 60 73 78 84 77 72 66 61 54 70 78 70 68 69 67 69 55 63 49
43 53 67 68 42 66 73 64 78 69 75 59 68 71 55 75 65 61 62 60 75 68 77 78 54 69 77 84 79 72 52 64 52 70 79 70 67 70 70 67 49 56 46 59 62 66 60 46 60 68 67 72 65 80 63 69 73 61 71 60 62 58 63 73 72 72 78 62 69 77 84 76 72 57 63 56 72 77 69 66 67 66 67 53 59 47
52 60 64 63 45 60 71 67 77 63 78 61 67 71 56 68 62 63 64 62 78 74 71 78 58 67 77 83 75 72 51 62 54 70 79 70 64 69 69 62 59 59 48 58 56 66 47 44 59 72 66 76 63 75 66 67 76 50 73 59 58 60 52 74 70 76 78 55 69 77 83 74 70 56 66 45 72 83 70 68 70 70 69 62 62 55
63 64 67 62 46 63 73 66 78 69 73 61 71 76 55 74 60 60 62 60 77 73 70 77 64 70 77 82 75 69 59 64 64 68 80 69 68 68 70 65 60 60 50 67 64 68 57 35 56 74 67 76 66 77 62 65 78 51 75 64 61 66 57 75 72 75 78 58 74 78 84 77 72 64 57 62 70 65 70 65 70 69 65 56 64 50
70 63 68 57 41 63 74 68 78 68 70 64 65 75 62 67 63 62 58 66 70 69 69 78 67 70 75 84 77 70 59 61 65 70 76 70 67 69 69 70 54 48 55 73 65 66 63 39 60 74 63 76 68 81 62 65 79 53 70 65 62 68 47 70 75 72 78 58 73 77 84 77 70 59 58 59 73 74 70 69 69 69 69 60 58 56
66 66 68 57 44 54 73 67 77 66 74 63 68 75 54 72 64 60 59 63 71 72 74 78 56 69 76 84 75 67 52 62 56 68 75 70 63 67 66 65 59 48 55 67 59 59 54 34 57 72 65 74 66 83 55 71 76 51 75 55 70 60 58 72 72 74 77 54 73 75 83 74 69 62 48 53 69 73 70 64 69 67 67 56 56 50
65 62 62 60 35 68 71 70 77 71 77 57 62 75 50 66 59 57 60 64 74 74 71 78 57 66 77 83 75 69 46 59 60 71 74 69 66 69 67 69 52 51 50 64 59 68 53 33 69 73 67 77 65 74 55 58 75 56 70 61 67 63 56 74 70 71 78 48 71 76 84 76 71 53 61 61 72 70 69 65 68 66 65 56 54 57
62 63 66 58 27 68 74 67 76 66 72 65 65 77 59 68 58 56 58 61 68 74 73 78 59 65 75 84 79 66 49 68 64 71 75 70 64 70 70 66 61 58 48 66 65 66 50 50 59 73 66 76 63 80 61 70 74 59 79 53 59 63 48 76 71 74 77 64 73 77 84 77 69 59 58 59 68 69 70 67 70 69 65 55 62 42
62 54 65 55 33 62 74 69 78 69 75 62 69 76 64 69 70 58 62 52 68 67 72 78 57 67 74 83 79 73 52 69 66 72 77 70 61 68 68 67 59 53 54 69 60 65 46 41 56 73 68 76 58 80 60 64 78 63 71 62 63 64 46 73 69 74 78 47 72 76 84 76 72 59 60 61 71 79 70 65 69 69 67 62 57 53
58 61 58 51 39 69 73 70 75 61 76 52 67 79 46 70 63 60 62 48 69 68 70 78 51 67 75 84 76 67 53 61 53 71 73 70 63 69 68 67 49 48 50 61 57 58 47 35 58 71 68 75 63 77 49 57 78 52 64 60 62 62 36 69 71 67 78 53 68 74 83 74 69 59 59 55 70 76 70 62 68 68 67 50 59 47
62 58 67 67 42 63 71 67 77 67 76 64 70 75 59 73 62 67 59 66 70 68 74 78 55 70 74 84 74 71 54 57 64 71 82 69 66 69 69 64 52 57 51 67 64 57 54 28 64 74 72 71 65 77 62 68 79 55 80 54 62 64 62 78 73 75 77 52 70 77 82 77 70 55 48 66 73 79 70 66 69 67 67 59 66 62
60 57 66 64 39 63 71 63 75 68 77 62 66 73 61 72 63 68 63 65 77 74 74 78 64 73 78 84 77 73 61 69 55 70 79 68 66 68 69 66 50 54 46 58 66 64 61 33 61 74 67 78 69 80 61 70 74 65 74 61 65 59 64 73 67 74 78 62 72 78 84 74 70 63 57 53 72 76 69 64 69 67 67 61 64 47
68 67 67 55 52 66 72 69 77 69 73 59 57 73 62 71 65 64 62 62 72 75 75 78 60 71 78 83 77 70 58 74 68 72 75 70 62 68 69 64 60 58 53 65 68 73 54 37 63 73 64 77 66 76 62 65 75 63 76 62 63 63 54 70 74 74 78 58 74 77 83 77 72 63 51 59 70 71 70 66 69 68 68 58 61 60
62 65 69 64 45 68 74 71 77 69 75 61 65 78 54 73 63 63 57 59 72 72 75 78 66 67 76 84 77 70 54 65 67 72 73 70 66 69 68 67 54 52 53 70 68 65 60 33 60 74 65 72 67 76 66 66 77 57 77 60 64 65 53 75 76 74 78 59 72 76 83 76 71 58 57 59 72 72 70 68 69 68 68 59 63 49
57 48 60 53 37 63 70 66 74 62 70 51 60 63 50 65 54 51 56 56 69 68 64 78 56 64 71 84 68 62 50 64 40 69 62 69 55 67 67 64 56 48 52 59 59 55 50 19 45 66 59 74 49 70 47 57 64 43 72 46 53 57 51 69 71 70 77 48 64 77 82 71 46 52 47 56 71 55 70 57 68 67 63 53 47 53
61 59 60 55 37 66 72 70 76 70 69 58 69 74 54 71 62 55 58 56 71 72 74 77 59 66 74 84 74 65 54 67 49 70 70 70 67 70 69 65 53 65 47 63 60 60 47 35 60 73 67 72 55 81 50 67 74 57 71 65 63 64 47 69 69 73 78 59 70 77 83 77 66 59 52 49 73 78 69 64 69 66 65 60 60 56
61 58 61 55 37 59 74 64 78 69 72 60 65 74 40 71 56 52 56 60 60 72 72 78 52 62 69 83 71 71 41 59 56 71 76 70 59 66 66 67 58 52 56 59 64 67 41 34 50 71 64 73 57 76 55 58 74 42 74 62 58 57 46 74 74 78 75 55 69 74 82 73 69 49 49 60 72 79 70 66 69 67 67 55 56 55
56 54 61 45 34 58 69 60 76 54 70 62 60 71 54 63 58 55 64 53 59 67 66 77 53 67 73 80 75 67 55 57 53 72 74 70 64 67 67 64 47 48 41 58 56 62 49 32 57 69 62 70 54 72 55 63 75 49 69 53 59 60 52 61 70 63 77 47 71 76 83 67 63 59 50 50 65 74 70 63 68 64 67 38 50 44
55 61 58 64 30 58 69 63 72 64 73 57 65 66 59 76 59 56 57 59 74 72 73 77 57 69 76 80 69 65 50 62 59 69 74 69 66 67 66 66 57 51 45 71 61 59 65 34 60 74 65 74 66 71 56 53 74 57 74 47 54 61 60 74 74 72 76 49 69 77 82 75 69 50 56 62 69 75 70 63 68 64 62 59 51 48
68 58 69 70 41 64 70 68 77 69 73 65 69 77 69 76 64 61 60 64 76 71 77 77 58 71 77 83 78 73 54 63 61 68 79 70 66 68 68 68 61 58 53 69 65 72 62 25 62 74 69 77 65 81 64 70 77 62 71 66 68 70 62 72 69 76 78 56 73 77 83 77 71 66 53 55 72 80 70 66 69 67 64 57 61 55
73 57 64 65 38 72 73 72 78 71 81 65 70 78 60 74 62 63 65 66 73 75 74 78 58 72 78 84 79 72 59 59 56 74 76 70 65 70 70 68 54 50 53 74 66 68 57 38 68 72 70 75 66 81 61 66 78 60 71 67 69 65 57 74 73 77 77 56 70 77 83 78 70 65 69 63 73 77 70 68 69 69 67 62 63 55
61 58 64 59 38 52 71 68 78 65 77 59 57 77 67 70 64 59 66 59 73 68 72 78 60 71 74 84 78 72 52 56 60 72 71 70 64 70 69 65 48 52 56 59 66 64 54 32 57 73 61 76 59 80 63 64 78 63 68 57 71 67 57 70 68 72 78 59 74 78 84 77 55 64 56 60 70 71 70 67 69 70 63 53 49 54
62 57 64 60 54 64 72 63 78 65 74 58 67 66 58 72 64 60 66 52 74 72 75 78 54 69 78 83 75 73 60 61 61 71 71 69 64 70 70 66 51 52 49 56 60 68 49 51 57 72 65 75 57 69 56 68 79 54 73 64 56 67 46 78 64 73 78 59 71 78 84 75 73 56 69 44 68 72 70 68 69 70 69 49 65 48
47 57 64 58 22 63 72 65 77 66 72 60 63 75 62 76 63 62 62 54 77 73 77 78 63 71 77 84 77 67 55 54 56 68 70 70 63 69 68 67 44 45 45 66 61 63 61 34 58 73 63 72 61 78 62 65 78 59 76 57 61 60 49 69 69 73 77 59 72 75 83 77 73 60 63 52 69 73 70 62 68 66 64 55 49 51
54 60 64 45 46 52 69 65 75 63 73 58 60 76 57 72 62 58 58 58 72 71 72 78 53 67 73 84 71 64 48 52 46 66 80 70 58 66 66 64 46 51 44 60 59 64 49 41 52 68 59 74 57 69 52 61 65 51 72 56 55 57 46 72 65 70 78 53 66 76 83 66 67 58 50 49 67 76 70 63 66 68 67 56 54 44
55 56 68 63 40 60 71 63 74 67 72 63 64 74 57 71 57 55 57 56 73 61 70 78 60 67 76 83 71 66 58 53 48 61 71 70 64 66 63 68 52 54 46 63 55 68 51 30 48 72 58 69 58 77 54 61 72 46 75 59 60 60 45 76 72 75 78 56 70 75 84 75 70 57 61 56 66 72 70 65 67 66 63 56 55 44
44 51 60 54 12 58 69 59 66 54 65 50 57 56 41 65 55 55 58 57 60 57 61 76 54 64 72 79 66 54 48 42 37 60 65 68 60 66 62 62 47 50 36 52 59 55 39 31 45 64 58 69 52 69 43 61 64 49 73 60 60 62 41 59 62 63 76 49 67 75 77 66 58 46 46 42 67 73 66 63 65 59 63 42 58 42
65 60 69 67 47 56 72 66 77 66 75 64 66 78 56 76 66 63 67 69 70 70 76 78 58 72 78 83 78 68 59 67 55 73 67 70 65 68 68 68 51 54 50 64 61 69 57 35 60 71 67 77 68 79 56 66 77 50 72 63 63 72 55 78 72 71 78 65 72 76 84 77 71 55 56 49 70 73 70 68 68 67 68 60 66 49
63 53 66 58 19 62 74 69 77 69 70 49 63 71 43 66 57 55 56 55 66 71 73 76 53 62 74 82 75 66 52 51 58 69 72 68 61 67 67 62 51 52 49 63 64 67 60 19 58 72 58 76 62 71 44 55 68 43 66 59 61 62 47 72 71 71 77 49 67 76 83 74 69 54 49 52 71 75 68 61 67 66 60 55 52 46
64 58 65 57 42 60 71 68 77 70 74 61 63 75 59 71 64 60 66 59 70 74 70 78 60 71 77 84 77 65 46 56 63 73 75 70 65 69 68 65 63 57 56 70 65 66 64 31 53 74 69 75 65 80 64 66 77 57 69 63 66 64 58 76 73 73 78 57 68 75 83 76 67 52 61 64 72 73 70 62 70 68 68 59 51 48
46 61 65 55 34 63 71 66 75 68 69 56 62 67 54 65 64 60 62 57 67 66 68 77 58 67 76 84 70 62 62 57 60 71 71 69 64 67 67 67 51 48 47 61 58 65 56 21 53 69 62 76 57 74 52 62 70 49 65 62 64 64 52 67 66 70 78 57 69 77 83 75 69 65 44 59 71 74 69 67 69 69 63 46 52 47
51 61 58 55 30 50 65 59 78 62 64 57 56 71 53 62 57 55 56 61 62 68 65 77 57 65 74 82 73 54 55 61 56 68 70 69 61 68 64 65 53 46 46 49 62 59 53 24 47 68 59 73 58 75 55 64 68 48 69 56 53 64 45 59 70 64 77 48 69 77 82 66 59 50 45 44 71 68 69 61 68 66 66 54 49 45
29 54 67 52 35 56 63 56 66 64 65 60 47 58 49 75 54 43 53 60 75 69 75 75 45 67 75 82 69 51 26 54 50 65 64 69 61 67 63 64 44 40 41 43 65 58 41 35 53 52 60 65 55 82 55 47 63 51 74 53 56 58 56 60 72 66 73 42 72 76 73 64 49 26 57 51 69 63 65 60 66 55 60 46 44 40
58 57 61 52 21 49 70 65 78 65 74 56 55 70 35 66 59 62 59 51 66 62 68 78 59 67 70 80 73 67 48 45 51 69 68 67 64 67 66 62 39 47 42 60 59 62 46 24 49 67 58 72 56 71 48 61 72 44 66 57 57 60 46 66 68 68 77 53 69 74 81 71 61 56 46 58 68 68 68 61 67 67 56 49 50 47
63 63 67 51 45 62 71 63 78 63 72 55 64 76 50 69 61 55 55 61 68 71 75 76 52 62 76 83 76 66 48 64 50 71 78 70 65 69 66 65 58 50 54 65 61 67 52 35 54 69 60 76 59 78 58 61 74 48 69 60 59 66 50 72 69 75 76 38 67 72 80 75 71 57 61 60 71 75 69 66 70 69 65 53 61 54
71 59 65 57 36 58 74 64 78 68 75 69 63 71 52 70 64 59 61 61 67 69 68 78 55 69 76 83 78 70 50 52 56 71 76 70 66 69 68 66 48 55 49 63 63 69 61 41 58 73 64 70 59 75 59 70 75 57 63 61 59 63 50 68 64 68 78 52 72 77 83 76 67 56 67 54 71 79 69 62 68 67 66 58 63 48
60 61 69 66 44 64 74 71 77 70 76 64 66 78 55 75 61 65 63 68 72 71 77 78 63 70 76 83 77 74 48 62 61 73 80 70 66 69 69 67 60 60 56 68 64 72 59 42 65 72 66 77 66 80 59 68 77 51 75 60 67 67 57 77 75 73 77 60 71 78 82 75 71 59 70 59 71 80 70 70 69 68 66 56 66 58
62 60 64 64 42 51 72 64 76 67 78 65 68 79 60 70 64 64 63 62 74 66 73 78 61 70 73 83 76 70 59 62 60 72 77 69 63 68 69 69 59 57 51 68 62 68 64 26 53 72 65 74 64 75 55 71 77 53 74 58 62 69 53 73 66 76 77 57 73 78 83 79 72 63 53 53 73 80 70 69 70 69 67 58 66 56
53 63 64 60 47 58 71 66 76 62 71 49 68 67 54 64 61 56 56 48 70 68 67 78 60 68 75 79 70 67 57 57 48 71 77 70 61 68 65 64 58 53 43 52 55 66 57 37 55 74 66 73 62 74 50 57 68 62 67 59 60 61 42 66 61 70 78 48 70 76 84 69 71 55 57 47 70 74 70 63 68 63 67 54 50 44
46 57 67 52 47 61 72 67 75 67 69 56 72 72 53 73 59 57 61 61 71 68 74 78 63 69 77 83 73 58 53 57 43 70 68 70 65 67 67 66 46 57 50 67 59 69 51 42 59 70 63 69 62 78 53 63 75 54 64 65 60 64 45 66 59 70 77 57 69 78 82 76 63 57 59 51 68 75 70 66 70 68 64 56 61 57
54 62 67 60 47 63 72 64 76 67 68 55 59 74 47 68 63 63 62 45 68 68 73 78 59 67 74 82 75 71 46 57 59 71 76 70 64 70 66 69 49 54 46 63 60 65 56 46 56 73 64 77 67 78 41 57 75 51 67 62 61 65 47 64 70 71 77 53 67 73 83 77 70 51 59 67 71 70 70 64 69 67 67 55 47 49
55 62 65 57 39 52 71 63 75 62 78 60 55 77 53 62 58 55 58 61 67 67 65 78 54 70 73 83 71 70 45 60 54 68 75 69 63 69 66 65 55 57 47 66 64 66 54 32 51 71 63 71 53 72 57 63 71 52 70 61 50 62 50 72 73 71 77 50 69 78 83 74 73 54 60 55 70 77 70 67 68 67 60 52 52 42
60 64 66 58 32 59 73 64 73 68 72 60 54 77 51 63 61 60 64 61 71 68 70 76 55 72 77 80 79 68 51 57 56 74 80 70 65 70 69 68 58 61 49 66 63 63 67 35 55 73 64 74 64 69 56 59 76 55 73 65 66 62 57 70 75 73 75 56 71 75 80 75 70 58 58 64 71 81 70 67 68 67 65 55 62 56
64 62 65 54 18 58 71 68 76 65 66 52 61 76 45 66 59 58 63 54 65 66 68 75 58 68 74 80 72 69 53 46 62 68 72 68 61 65 64 65 51 48 47 61 66 65 48 23 54 73 63 74 59 69 45 66 75 31 74 58 56 62 45 72 69 74 77 61 65 75 81 70 69 62 49 57 70 68 67 65 67 65 64 53 52 51
53 56 63 69 25 62 73 67 75 68 82 67 68 77 54 71 62 65 66 68 70 67 70 77 67 71 76 83 78 65 60 55 55 72 75 70 67 69 68 68 51 58 50 68 66 67 68 29 62 73 69 76 68 76 61 64 76 62 68 67 64 65 62 72 71 76 77 57 72 76 83 78 67 65 66 53 72 80 70 69 69 67 68 53 57 48
61 67 72 65 46 69 72 72 77 71 77 65 64 79 55 76 70 67 66 67 76 75 76 78 58 73 78 83 77 71 56 66 60 72 80 70 65 70 69 67 59 54 54 71 61 72 58 48 65 74 71 75 67 81 68 67 79 57 74 65 65 67 62 74 72 75 78 50 72 78 84 75 67 59 68 62 71 80 70 70 69 67 69 62 62 56
63 48 65 65 33 61 72 64 77 65 74 70 60 77 52 72 62 64 61 69 70 72 74 77 62 69 77 82 75 70 58 56 60 74 79 70 63 70 69 69 58 62 53 67 63 68 62 32 63 74 68 76 63 78 63 71 76 62 71 60 59 61 59 69 68 72 77 58 69 76 84 76 67 60 63 58 71 79 70 67 68 67 67 61 68 52
45 62 55 40 16 48 66 54 59 57 69 31 61 58 21 60 55 55 59 44 58 58 62 75 60 62 71 75 60 53 47 41 45 62 67 61 60 60 58 54 40 43 39 33 60 62 30 19 40 62 54 51 53 73 33 65 53 27 61 54 53 49 34 60 52 70 73 62 63 74 80 56 53 51 30 39 59 73 64 60 63 57 57 38 47 39
62 52 64 58 37 62 72 68 76 65 75 63 70 78 57 70 67 59 56 57 71 68 73 77 56 73 75 83 73 69 61 59 56 73 77 69 67 70 69 67 59 62 48 68 58 62 57 21 55 72 66 74 60 82 65 65 75 51 72 57 62 65 60 76 61 75 78 62 72 74 83 73 73 65 49 63 71 75 69 69 70 69 63 56 64 46
63 66 68 66 45 68 74 70 78 71 80 66 69 77 68 75 68 64 71 68 76 74 78 78 60 71 77 82 78 72 63 61 50 72 77 70 70 70 69 69 61 63 52 74 71 72 67 40 67 73 71 75 70 83 62 69 80 63 73 66 67 70 61 77 74 76 78 62 73 78 82 79 72 51 55 64 72 81 70 69 70 70 70 66 66 55
36 59 60 59 41 59 65 52 73 58 61 56 54 57 53 64 49 53 54 52 65 62 67 78 56 67 75 80 56 53 52 46 45 69 78 68 55 66 65 56 46 53 39 53 64 56 60 37 56 63 56 60 55 64 54 62 65 55 59 52 52 51 51 55 61 62 72 60 68 76 75 65 55 54 55 39 69 77 68 63 66 65 57 42 57 38
60 56 62 62 51 62 73 63 75 65 71 57 62 72 60 71 58 54 57 56 72 68 73 77 61 66 75 83 74 72 53 57 53 70 82 70 63 69 70 61 57 58 54 59 60 65 55 45 57 74 61 77 65 76 61 60 69 52 66 57 52 57 57 74 66 75 78 49 68 77 83 71 68 57 59 44 69 83 70 67 70 70 64 57 66 51
62 62 65 67 57 70 74 69 76 72 83 60 68 77 69 72 62 66 67 66 73 75 73 78 65 72 76 83 74 74 57 72 59 73 79 69 68 70 70 68 64 65 51 71 65 69 65 39 68 74 72 78 65 78 64 66 78 63 74 62 65 65 62 74 74 72 78 63 72 78 84 76 71 58 70 63 74 81 70 68 70 70 68 64 65 60
64 63 67 58 35 59 71 65 74 63 75 55 59 72 49 67 61 62 60 54 66 74 74 77 66 69 76 82 73 68 56 62 55 71 74 68 65 66 64 61 56 54 48 69 60 69 56 31 50 73 66 76 65 71 57 60 75 52 74 60 60 64 52 73 73 76 78 49 71 77 84 76 71 58 48 57 67 71 69 62 69 63 63 40 54 45
50 57 63 60 26 48 69 64 73 63 73 49 55 67 43 67 59 57 58 53 64 57 68 76 54 63 73 80 70 63 52 60 54 70 70 69 59 68 64 64 57 46 47 63 64 63 58 16 51 71 58 75 60 67 50 55 70 42 68 53 50 49 53 65 70 68 78 49 63 74 82 70 66 43 46 50 70 71 69 58 67 65 64 57 50 49
64 60 68 60 47 68 72 70 74 68 73 63 63 79 51 65 60 68 61 63 69 70 73 78 58 69 75 83 77 67 58 60 52 72 83 69 67 70 69 62 59 57 51 63 61 66 62 40 63 74 69 74 61 76 61 68 78 66 69 55 63 63 53 71 73 72 77 55 71 75 84 70 69 61 73 50 72 78 70 68 70 69 64 55 60 51
50 64 68 67 49 65 73 70 75 70 75 63 69 76 52 72 64 62 66 63 75 69 75 78 61 70 76 84 77 67 54 71 62 72 76 70 68 70 68 69 58 64 52 66 66 69 57 48 65 74 67 74 70 81 60 70 77 56 66 62 63 63 57 69 69 72 78 64 71 78 84 79 72 59 75 55 70 78 70 69 69 68 68 59 62 40
57 60 65 57 39 56 73 65 74 62 72 56 50 71 54 70 62 52 55 60 72 68 72 78 67 68 77 82 74 66 50 56 52 71 76 70 64 68 65 63 55 59 48 62 59 66 49 40 56 73 66 73 62 79 58 66 72 52 69 56 57 54 51 66 71 65 77 52 69 77 83 72 60 54 53 55 70 80 70 65 67 66 68 60 65 50
66 63 68 61 55 68 73 68 78 71 80 66 67 75 73 75 68 65 63 70 75 71 73 78 59 72 78 84 77 73 55 73 59 74 78 70 67 70 70 67 57 62 49 67 68 71 67 44 61 71 66 78 68 82 63 67 77 67 78 66 61 66 60 73 73 76 78 61 73 78 83 77 73 60 64 60 71 76 70 70 70 70 69 58 67 60
64 58 68 66 25 64 72 62 76 66 77 67 67 75 51 68 64 65 63 66 73 68 72 76 57 71 77 81 73 69 48 57 55 71 80 70 67 69 67 64 54 54 52 67 63 70 66 32 62 72 63 75 66 76 61 63 73 47 71 60 63 63 55 69 68 76 77 50 70 76 81 75 71 47 53 59 70 78 69 65 69 67 64 56 61 50
53 61 65 64 38 63 73 66 75 68 80 64 67 76 50 69 64 65 67 64 73 74 73 77 61 71 78 83 76 70 59 61 50 71 72 69 66 69 68 64 43 52 52 75 63 69 60 28 60 74 68 73 64 78 65 64 78 58 71 60 62 64 60 70 70 72 77 58 71 77 83 76 70 54 61 61 70 79 69 66 69 68 67 50 64 52
60 56 65 56 57 66 74 67 78 56 77 55 65 73 49 67 63 61 61 60 72 61 74 78 57 73 77 81 78 70 49 57 55 72 79 70 67 68 65 62 53 55 43 72 61 66 50 53 62 73 69 74 60 71 57 62 76 48 70 64 59 61 53 68 73 74 76 58 70 77 83 78 71 56 61 55 67 78 69 67 70 67 66 62 58 49
57 64 67 66 38 68 71 68 75 69 77 66 64 74 59 70 63 64 60 67 71 67 73 77 54 70 74 83 75 65 54 64 49 68 74 70 65 67 64 65 54 53 46 64 62 69 50 35 53 70 64 75 63 80 55 70 76 52 74 60 67 66 50 71 72 71 78 67 73 77 83 76 71 70 51 51 71 77 70 67 67 65 67 53 63 45
62 56 66 70 42 66 71 66 76 67 74 65 69 72 66 70 63 59 61 64 70 69 72 78 59 68 77 83 76 71 50 62 56 71 76 69 68 70 69 69 54 61 56 69 61 70 56 31 54 74 64 75 56 80 58 62 75 54 73 63 63 66 56 75 70 77 78 51 70 77 84 77 72 56 58 64 72 74 70 68 70 70 67 58 65 54
62 54 64 62 33 62 70 66 78 63 79 60 63 73 53 74 65 56 63 64 70 74 71 78 54 67 75 83 76 72 54 58 60 71 80 70 59 67 67 64 58 49 58 71 58 66 56 38 62 73 66 73 65 77 57 57 76 47 71 54 58 58 56 75 72 75 77 50 67 75 81 75 74 54 62 64 71 74 70 65 68 66 67 61 52 55
67 59 66 62 56 63 74 71 76 69 81 64 72 78 52 76 67 65 69 62 76 71 75 78 66 73 77 84 79 71 50 73 62 71 79 70 69 70 67 67 66 62 60 63 63 63 54 41 67 74 70 76 66 81 62 71 79 61 76 63 67 64 61 69 73 74 78 63 70 78 83 79 72 70 63 60 73 74 70 70 69 69 69 67 65 59
49 61 66 61 45 64 70 62 77 67 80 59 65 70 57 75 62 61 64 62 72 68 77 78 57 70 78 83 72 71 50 63 45 69 81 68 66 67 65 65 55 48 46 52 64 64 53 40 65 73 64 76 65 79 56 61 73 59 76 57 57 58 58 73 74 71 77 55 71 78 82 72 67 60 61 49 69 78 70 65 66 67 67 57 57 49
61 56 64 57 32 54 73 65 76 66 79 56 68 69 36 63 58 55 56 47 61 67 68 77 58 69 77 84 69 67 57 57 57 68 74 69 65 68 66 59 49 55 44 64 63 64 48 40 57 71 62 74 57 69 54 55 72 47 62 59 60 64 56 62 68 71 77 54 68 72 82 74 68 52 52 45 69 76 68 61 69 64 64 60 51 49
62 63 69 64 30 67 72 71 76 68 71 58 54 73 55 68 63 53 58 61 67 72 73 78 58 68 77 84 75 69 54 55 54 69 73 69 60 68 68 69 50 56 54 54 63 68 62 26 59 73 61 72 62 74 54 64 69 48 72 64 60 67 50 72 72 70 78 64 72 76 83 74 62 60 60 52 71 63 70 66 70 66 65 61 57 56
41 51 64 63 42 62 72 61 76 66 72 62 65 66 49 67 56 56 57 58 66 60 71 78 57 68 74 83 72 66 56 62 41 70 73 70 62 68 68 66 49 58 39 57 58 64 58 39 52 73 61 76 63 73 53 63 68 56 69 62 61 65 50 69 66 74 78 46 69 76 84 69 71 60 53 44 70 74 69 65 66 67 63 53 57 41
53 60 71 58 43 60 72 70 78 67 77 64 66 72 59 67 64 56 63 63 73 71 75 78 58 70 77 84 73 70 56 54 64 70 80 70 67 66 66 68 55 56 57 68 67 67 53 40 59 73 64 76 66 77 64 63 72 55 71 63 61 64 61 66 72 69 78 59 72 78 83 72 70 61 65 59 73 79 69 67 68 66 63 53 53 50
70 63 65 64 39 62 72 65 72 61 73 55 65 70 31 72 58 59 59 52 73 72 74 77 68 68 76 81 72 71 53 60 61 65 74 70 60 64 68 65 54 55 50 59 61 63 57 37 53 73 67 76 66 75 63 63 72 52 71 58 59 57 54 73 73 75 78 52 68 75 83 68 69 51 57 54 70 71 69 64 69 68 67 49 63 56
40 57 64 56 36 56 70 64 76 60 73 52 59 76 47 71 55 52 59 51 70 70 75 78 62 62 73 83 73 70 46 57 56 71 81 70 62 68 68 66 50 57 57 54 60 63 57 40 61 73 62 74 57 74 56 62 66 49 74 60 57 63 52 70 67 72 78 55 66 75 82 67 65 56 58 52 69 79 70 65 68 64 63 47 61 50
49 54 66 62 43 58 71 58 76 61 68 61 65 69 56 67 62 53 55 57 70 64 68 78 55 68 75 83 67 71 51 54 46 63 64 69 61 65 66 66 52 47 46 59 59 72 51 30 55 72 60 70 53 74 56 60 68 47 74 61 56 58 48 70 71 71 76 45 70 78 84 69 67 55 52 48 66 72 69 60 66 65 63 53 48 49
59 61 69 67 50 68 72 65 76 70 83 67 70 76 58 76 64 66 63 71 76 72 74 77 66 72 77 84 76 73 64 62 59 70 77 69 69 68 66 68 54 61 44 73 70 70 59 38 69 74 70 77 68 80 64 68 75 60 76 68 66 66 63 72 78 75 77 65 71 78 84 75 70 60 64 53 69 75 70 69 70 68 69 57 66 52
61 59 67 68 41 68 71 65 77 65 75 64 60 73 60 69 65 58 60 55 70 69 74 78 59 68 76 83 75 68 46 60 58 70 72 69 65 68 67 65 52 56 54 61 56 68 62 35 62 72 64 74 68 72 60 61 74 54 71 58 61 59 57 73 66 74 78 58 70 76 82 73 72 54 57 55 71 79 70 69 69 69 68 54 62 49
54 59 63 51 40 64 72 68 76 67 77 64 66 71 52 71 60 55 52 58 69 69 73 78 53 69 75 84 72 68 48 66 54 68 73 70 62 68 66 68 60 48 46 67 66 60 32 34 58 73 64 76 66 79 58 65 73 54 76 50 55 55 42 63 75 70 77 57 69 75 84 74 67 53 61 58 71 74 70 64 68 66 67 57 56 44
54 71 65 57 44 70 73 67 78 68 75 58 64 75 58 70 59 57 68 66 72 73 71 78 59 72 78 84 75 69 51 65 67 70 80 70 65 70 70 62 58 53 48 65 63 64 57 46 65 74 65 78 63 75 60 59 75 63 76 62 59 67 61 71 73 71 78 59 71 77 84 75 73 59 64 55 72 78 69 63 69 68 68 54 57 50
59 44 66 64 32 66 72 69 76 69 74 60 69 77 55 68 56 66 58 60 64 65 71 78 63 66 77 84 77 67 54 60 58 73 77 70 65 70 69 68 58 60 55 68 64 64 60 37 57 73 68 75 66 81 60 66 75 57 69 55 66 63 50 68 68 69 77 59 70 76 83 79 64 61 64 57 71 80 70 67 69 70 65 56 64 48
55 64 68 56 45 66 74 61 76 66 74 62 69 73 64 76 70 58 63 58 77 71 76 78 61 70 78 84 75 68 61 60 49 67 70 70 67 68 67 65 50 54 49 54 68 71 56 44 61 72 63 74 62 76 62 64 72 59 75 66 60 68 51 72 72 77 78 56 70 78 84 75 69 60 57 56 71 75 70 65 68 68 66 49 64 59
49 51 64 49 40 55 72 60 74 61 75 54 64 70 45 72 62 55 60 47 65 62 74 78 64 71 74 83 72 70 47 52 48 70 77 69 62 66 61 66 47 51 42 56 60 66 45 32 59 73 67 73 58 73 54 61 69 59 65 56 55 56 52 69 67 67 76 54 67 74 82 67 66 51 63 46 68 79 70 69 67 66 66 58 63 50
63 63 66 56 27 61 71 69 77 66 72 59 63 77 51 69 61 59 64 50 69 72 72 78 57 69 74 83 77 70 41 66 52 71 77 69 64 68 66 66 55 50 51 69 63 65 54 16 52 72 69 73 64 80 57 65 80 52 65 61 56 61 48 69 65 74 77 56 63 74 83 76 66 48 45 56 70 73 70 66 69 65 64 59 59 54
57 60 66 57 60 69 71 68 74 67 73 62 71 76 59 72 65 62 60 59 73 74 77 77 61 70 73 84 76 73 57 69 53 74 73 70 65 69 68 68 64 61 53 72 62 71 55 46 65 73 66 74 65 81 59 68 74 59 72 65 60 67 53 79 71 77 78 55 72 75 84 77 72 63 70 50 71 71 70 69 69 67 67 64 65 59
68 60 70 61 34 60 70 66 78 69 71 56 66 78 59 67 71 49 62 60 74 72 74 76 61 67 73 80 76 71 43 59 66 70 76 69 66 69 67 67 63 61 59 72 65 66 65 28 53 74 66 72 65 79 57 65 76 50 71 63 59 64 61 70 75 76 76 49 66 76 83 77 72 46 56 57 73 73 69 67 69 68 66 57 63 51
56 54 69 51 37 62 73 67 76 62 78 48 67 72 44 65 62 57 58 56 66 73 69 78 50 65 76 84 72 70 45 63 50 67 75 70 63 67 65 63 49 53 41 56 58 69 45 33 54 73 67 74 65 76 49 61 74 44 69 60 56 61 57 69 69 72 78 49 66 74 83 74 70 54 59 50 69 76 70 64 68 67 66 55 59 46
48 50 62 51 47 59 70 59 74 60 80 59 71 66 55 66 58 56 56 58 73 58 71 77 57 69 77 84 67 69 48 59 45 68 76 70 65 69 65 65 55 54 38 55 58 66 63 44 54 72 63 75 65 78 52 66 69 50 62 56 55 57 55 63 53 68 76 51 67 76 82 70 70 66 50 48 64 80 70 66 69 67 61 54 60 50
46 59 71 62 42 66 69 66 74 62 79 60 66 72 50 73 64 65 61 63 74 69 76 78 62 70 77 83 72 73 58 65 49 70 76 69 67 68 69 66 62 59 51 65 63 66 57 34 64 74 71 73 64 80 66 64 78 53 67 58 62 62 65 64 68 72 77 55 71 77 84 75 66 65 57 52 67 77 70 68 68 67 66 59 64 44
64 65 67 64 43 65 73 69 78 65 80 60 67 73 62 70 64 60 60 64 71 73 75 78 63 73 75 84 74 67 61 63 58 73 74 70 65 68 70 66 58 56 53 62 63 69 63 34 60 74 69 75 66 80 62 62 73 61 76 59 58 55 55 74 72 78 78 60 71 77 84 76 70 60 58 58 73 74 69 67 70 69 69 62 59 53
48 63 70 63 48 67 72 68 78 70 77 59 61 76 58 70 59 60 61 53 69 71 73 78 57 69 75 84 77 70 54 73 52 73 67 70 65 69 70 67 57 57 55 64 63 72 56 43 65 73 66 77 64 79 51 68 79 51 68 55 63 65 49 68 74 68 78 53 71 78 84 80 70 54 68 61 71 77 70 66 70 70 66 56 57 56
62 61 62 47 35 53 72 66 78 63 75 56 64 73 46 68 57 61 59 49 68 71 69 78 51 64 71 81 71 66 48 56 57 70 72 69 65 69 69 66 56 50 46 60 64 58 47 43 56 71 63 72 61 73 40 57 75 44 68 56 60 61 40 65 65 69 77 51 71 76 81 70 71 56 58 48 69 79 69 62 68 65 65 62 54 52
55 56 61 62 32 60 73 70 73 65 77 60 65 76 57 70 63 59 61 53 70 63 67 78 57 71 76 84 73 71 54 52 50 68 65 69 60 66 68 67 52 49 50 63 68 70 62 29 54 72 67 72 60 76 62 65 73 50 71 52 62 59 55 74 67 72 78 59 70 75 83 73 68 60 55 47 69 70 70 62 70 64 66 54 53 43
64 63 72 62 33 62 73 64 76 64 73 60 66 74 43 74 70 63 65 63 77 76 76 78 59 71 76 84 75 73 55 54 56 67 71 70 63 69 69 69 59 54 47 61 65 66 59 54 52 73 66 76 63 78 64 66 78 50 77 61 64 63 61 71 71 74 77 58 70 77 83 75 69 66 66 55 70 69 70 66 67 64 67 61 55 50
51 63 72 67 37 64 72 64 74 67 74 60 70 67 56 69 61 51 57 65 74 73 77 77 52 69 77 82 73 65 58 57 58 70 79 70 68 69 66 67 53 61 54 68 65 63 59 48 60 70 67 76 64 77 64 60 75 50 75 58 53 56 53 73 71 76 77 52 68 77 82 74 69 48 62 56 72 78 70 69 68 68 66 57 63 59
62 61 68 67 42 60 70 68 78 63 75 55 67 77 57 75 66 65 58 54 74 71 74 78 52 70 77 83 79 67 44 58 68 73 79 70 66 69 69 68 51 48 50 65 58 64 61 37 62 72 66 74 66 76 56 60 76 62 73 56 66 60 56 72 68 75 77 50 70 75 84 77 71 55 63 61 72 80 70 67 68 68 67 60 56 54
66 59 67 65 38 63 74 70 76 70 76 56 68 75 48 71 69 60 65 57 76 68 76 77 56 70 78 83 78 73 52 62 62 71 68 70 64 69 67 64 53 61 46 64 68 63 61 37 62 72 67 76 68 80 65 60 77 64 71 62 65 66 61 69 66 72 77 57 70 77 84 75 69 57 61 63 72 75 70 68 68 67 69 58 58 54
64 57 69 59 36 68 72 71 77 71 78 55 63 79 58 67 67 60 63 60 71 69 73 78 53 72 77 84 78 69 51 61 56 72 68 70 66 68 67 67 57 56 48 68 64 62 50 32 63 74 71 77 66 79 54 68 78 53 63 65 64 69 48 69 62 67 78 60 73 77 83 77 70 62 67 61 72 76 69 68 69 68 64 58 62 57
44 56 67 53 36 63 74 64 72 67 78 59 70 69 56 68 61 60 65 53 66 62 69 78 62 72 75 83 74 65 55 54 51 66 72 70 66 65 65 65 46 55 44 52 61 63 49 33 63 73 67 72 71 77 54 60 75 54 65 62 55 60 50 63 56 73 78 55 70 76 83 75 70 55 58 44 68 69 69 66 67 66 67 56 57 44
61 59 66 58 36 65 72 67 78 67 79 64 65 75 56 71 65 66 61 61 77 73 78 78 58 70 76 84 77 72 52 65 56 73 80 70 68 70 69 70 57 55 52 72 68 69 58 49 67 72 69 76 69 79 61 65 78 59 74 58 66 61 56 78 75 78 78 57 65 77 82 77 70 58 66 58 71 76 70 64 68 68 68 60 54 52
73 62 64 63 42 64 73 70 76 70 79 58 66 77 57 65 62 64 67 62 71 68 70 76 58 72 76 83 77 68 55 64 60 72 76 70 66 69 66 65 52 48 50 73 64 65 53 30 63 72 69 71 65 82 53 67 77 52 79 58 65 66 52 77 76 77 76 62 72 77 83 80 69 63 56 56 70 73 70 65 68 69 67 55 49 50
58 58 66 57 34 59 72 60 77 63 71 61 65 70 56 64 63 58 61 51 67 71 70 77 57 67 75 83 72 66 51 56 56 65 68 70 63 66 63 67 58 57 49 60 62 67 46 33 52 73 54 78 53 77 53 55 74 50 78 63 58 61 47 72 69 77 78 49 67 75 82 78 69 56 50 63 73 78 69 65 69 66 66 57 58 48
53 63 72 68 45 58 72 68 77 63 76 59 54 68 62 72 60 57 59 67 70 71 73 78 67 68 78 84 71 64 59 66 55 73 80 70 68 70 69 64 62 64 57 63 64 66 60 50 63 73 70 74 61 80 60 70 74 54 76 60 59 68 63 68 67 73 77 65 73 76 83 76 65 59 55 52 72 79 70 68 69 69 65 62 57 50
54 56 65 51 45 60 68 65 72 59 68 55 67 73 58 72 58 57 59 48 68 73 69 78 54 68 76 83 74 58 57 69 54 70 75 69 60 70 68 61 57 52 51 54 61 66 50 38 61 73 63 73 57 71 56 58 75 62 75 56 55 59 50 77 76 66 78 50 69 77 82 74 61 54 56 52 71 77 70 65 69 69 62 60 61 47
63 54 56 48 47 64 73 70 69 69 63 52 50 72 61 67 54 47 52 34 62 59 70 74 53 63 70 83 74 66 50 60 50 69 74 66 61 66 68 64 56 52 49 55 59 58 40 19 44 68 53 65 49 73 34 62 63 37 65 59 64 68 35 66 67 67 75 52 74 73 83 71 70 58 48 54 68 79 69 69 66 63 63 49 52 50
70 60 67 59 41 69 73 67 76 69 77 58 68 73 58 65 66 64 56 63 65 71 71 78 64 69 77 83 74 70 67 61 57 71 59 69 64 68 70 63 61 55 48 69 61 68 55 36 62 73 62 73 67 80 56 59 78 53 71 62 58 62 53 71 74 74 78 56 70 76 84 74 70 53 54 58 72 63 70 68 69 69 69 54 62 56
46 60 61 48 34 58 72 63 74 66 68 53 58 61 44 63 54 55 53 59 67 67 61 78 61 70 74 81 67 64 54 54 52 66 69 68 61 65 63 59 47 46 41 56 60 60 39 35 51 70 59 73 63 69 54 61 65 42 66 58 54 53 44 65 68 69 77 50 67 74 81 69 61 53 57 51 66 75 67 62 68 65 60 50 48 48
51 58 62 58 47 66 74 65 76 69 66 60 57 77 60 59 65 51 59 61 73 67 70 78 59 71 76 84 78 72 47 64 50 71 69 70 63 68 67 67 46 53 46 51 58 63 50 36 59 72 61 74 60 80 51 65 70 56 68 59 58 63 55 65 62 62 78 52 71 78 83 76 71 64 55 54 70 76 70 66 70 69 67 48 57 53
55 52 68 53 48 62 66 68 76 65 74 57 54 75 51 70 59 68 57 54 68 66 72 77 54 70 75 83 78 66 45 55 60 74 76 70 67 70 70 67 58 53 58 63 64 64 52 48 61 69 66 75 68 77 61 57 76 55 73 59 67 66 52 72 70 72 78 60 73 76 81 74 68 53 61 59 72 72 70 65 69 69 64 55 60 52
63 60 68 57 49 59 73 65 76 63 74 57 67 75 57 69 64 59 56 55 73 68 72 78 59 69 74 84 69 66 60 63 39 70 81 70 62 67 69 70 57 54 51 61 65 65 52 47 50 72 66 71 62 71 53 61 76 52 78 62 61 62 57 71 74 75 78 56 72 76 83 73 71 59 54 54 71 78 70 64 69 67 66 57 59 50
53 61 67 49 38 56 74 65 77 67 74 50 66 74 51 66 60 54 56 50 68 69 71 78 55 68 74 84 73 73 54 54 51 69 71 70 64 67 68 66 57 59 49 65 61 64 50 37 57 72 61 71 61 74 56 59 75 50 72 63 59 64 47 69 73 70 78 63 71 78 83 76 72 58 50 52 66 72 70 61 68 66 63 56 55 48
66 59 63 58 44 64 68 66 74 62 73 60 61 75 58 69 58 52 62 55 73 69 70 76 54 68 76 82 73 69 52 57 67 72 80 69 64 68 66 67 55 52 55 64 58 68 53 27 61 71 64 77 62 74 63 58 73 54 78 60 54 64 63 68 70 73 77 50 71 75 83 74 70 48 49 58 71 82 70 68 68 68 65 57 52 54
52 68 66 60 41 64 72 71 76 66 73 63 61 72 67 70 63 55 60 59 70 75 71 77 65 70 77 83 73 72 59 61 55 68 77 70 61 68 65 64 57 46 52 60 64 63 59 35 52 64 66 74 66 80 60 66 75 51 77 57 62 62 51 71 75 72 78 46 72 76 84 76 66 57 63 56 72 73 70 68 70 68 62 56 60 48
69 62 66 56 46 69 73 70 76 69 76 59 63 77 45 68 68 64 65 65 70 70 72 78 62 70 75 84 77 69 52 69 58 71 75 69 65 68 67 68 59 58 55 72 62 65 34 24 51 74 71 77 59 83 57 64 75 35 71 62 69 70 46 68 68 69 78 51 73 74 84 79 72 59 61 69 74 77 70 69 70 69 68 65 67 56
59 56 66 52 40 68 72 68 75 66 76 54 58 77 43 65 60 57 62 53 64 69 68 77 57 69 73 84 78 67 44 61 57 74 81 70 65 70 70 65 59 58 47 75 55 61 45 47 62 73 64 76 55 75 57 61 77 56 66 58 61 61 43 71 63 63 76 49 70 73 82 79 70 52 62 59 71 76 70 67 70 69 66 61 66 59
41 48 56 47 32 50 70 48 67 57 63 46 45 52 33 48 49 45 47 42 55 56 64 74 49 65 69 80 51 58 41 42 35 56 59 62 56 61 55 50 41 43 36 48 49 53 29 16 36 57 46 57 47 65 38 41 58 33 56 42 51 49 28 50 55 53 71 43 66 68 72 59 53 36 4 40 66 58 66 55 63 60 53 50 38 42
51 57 66 34 28 51 67 55 74 55 70 43 61 66 52 68 58 54 53 46 67 68 75 78 57 65 74 81 70 66 47 43 56 67 73 69 63 66 66 61 49 52 46 53 62 62 48 36 55 70 62 71 56 70 53 55 68 41 65 49 51 53 52 62 70 67 76 51 64 75 83 70 63 49 46 50 64 78 68 60 67 63 63 53 51 47
64 66 63 48 32 59 71 70 76 68 78 54 66 77 44 62 63 61 66 62 65 71 67 78 58 66 71 82 75 67 42 49 52 72 75 69 66 67 66 62 51 54 58 67 62 65 48 26 57 70 69 74 60 75 54 64 78 46 68 55 61 63 59 71 66 71 77 50 71 75 83 75 66 55 45 58 71 71 69 64 70 65 63 58 59 49
56 62 70 64 45 66 72 68 72 67 81 60 71 75 56 69 61 60 65 61 69 72 73 78 62 72 78 84 75 71 62 66 65 73 76 70 68 70 70 67 62 66 53 70 60 72 51 46 66 74 71 77 67 78 61 59 78 56 72 62 60 59 61 71 72 74 77 57 71 77 84 76 71 49 65 60 69 77 70 68 70 70 68 62 56 63
71 60 61 52 40 67 73 69 77 65 80 60 72 77 57 65 64 67 68 56 70 71 69 78 60 71 74 83 78 71 57 72 66 73 75 69 69 69 69 68 62 62 52 71 66 65 57 20 68 74 72 76 71 82 55 62 80 65 68 61 63 67 52 71 74 70 78 60 69 75 84 79 72 56 58 62 73 80 70 69 70 70 70 61 63 60
60 62 68 65 36 63 73 68 76 67 77 53 63 74 56 63 65 60 64 53 73 69 73 77 59 70 76 84 76 71 54 59 63 70 80 69 68 67 66 65 60 60 57 65 62 68 60 23 61 72 68 78 64 79 57 64 78 51 73 61 60 66 47 75 66 74 78 51 73 77 84 75 73 57 51 54 72 72 70 66 68 68 66 56 58 49
41 60 68 51 37 58 70 64 74 59 74 55 67 66 50 64 62 65 59 43 66 63 70 77 56 70 77 82 71 66 57 52 53 68 76 70 65 68 62 65 54 51 51 61 59 66 47 24 57 70 68 73 61 76 57 67 75 46 71 59 54 61 50 68 65 72 77 58 69 73 83 68 64 55 53 46 68 75 70 64 69 63 67 52 56 46
