27 33 30 31 7 24 41 36 41 37 32 30 34 31 15 39 29 30 32 30 33 38 34 43 31 38 42 39 40 36 25 10 26 40 32 42 36 42 40 38 20 23 20 29 35 38 31 3 27 40 38 41 37 30 27 33 35 19 36 30 30 28 25 33 38 35 43 31 36 41 40 38 35 22 17 30 39 31 41 34 41 39 30 20 27 24
21 37 33 40 8 36 41 38 43 41 31 29 37 36 18 35 29 26 29 30 35 38 37 43 34 37 41 43 35 38 21 20 24 41 38 42 40 42 42 36 27 31 18 27 36 39 30 7 32 41 36 41 29 33 30 29 38 13 38 35 31 34 27 35 40 38 43 25 38 39 41 37 38 20 28 27 38 38 43 38 41 41 38 32 31 26
29 32 37 33 9 32 42 35 40 38 35 36 35 39 25 38 33 22 32 35 36 40 40 42 33 38 40 42 37 38 30 19 27 37 38 43 38 41 40 36 26 24 15 33 36 38 31 11 31 40 38 36 33 36 31 39 36 18 41 32 29 30 29 38 40 38 43 28 38 42 41 39 38 26 13 25 39 37 43 42 40 36 34 30 36 23
31 33 37 22 7 31 40 40 43 41 32 27 34 38 18 38 33 30 33 25 39 38 39 42 25 39 42 42 37 35 24 24 21 40 40 42 37 42 40 36 21 27 27 27 37 36 31 3 31 41 37 42 37 33 32 32 33 22 41 34 29 32 28 34 38 39 43 30 38 43 43 35 29 29 21 24 38 32 42 38 42 39 35 32 27 23
21 38 36 34 15 34 38 39 43 33 36 33 40 41 18 42 35 28 34 39 40 36 40 43 34 40 40 42 43 39 24 34 34 41 39 43 41 42 42 42 35 38 29 34 34 39 37 12 36 43 37 40 39 39 34 31 38 23 41 32 30 36 31 38 39 40 43 27 42 42 41 41 41 25 25 35 42 37 43 37 42 41 42 34 40 35
22 37 42 35 11 32 40 30 40 34 35 31 33 34 19 38 33 31 32 31 36 37 34 43 32 37 41 41 34 35 21 14 28 39 28 42 38 40 37 39 24 29 21 34 33 41 32 6 24 40 36 40 36 31 28 33 35 24 41 34 26 33 26 39 41 38 43 25 40 41 42 37 39 22 13 16 36 34 43 40 41 37 41 22 26 21
6 33 34 29 11 26 39 28 42 38 26 29 28 29 12 41 35 25 31 29 36 38 33 42 29 38 40 43 33 41 32 25 15 37 35 43 37 40 38 36 19 29 13 21 36 35 24 7 26 40 30 40 34 34 29 37 32 14 36 30 28 29 24 33 37 35 41 30 37 41 42 29 35 31 20 14 37 30 42 37 40 36 37 31 25 17
10 34 39 29 17 30 32 22 39 33 27 32 32 22 25 38 34 24 32 29 34 39 36 42 30 39 41 37 28 34 28 17 15 35 23 42 36 40 35 36 16 29 17 18 41 38 32 16 27 31 32 43 36 26 33 28 29 23 39 31 23 23 28 33 37 37 43 27 40 43 42 28 28 23 17 9 30 26 43 37 40 37 38 15 26 13
18 29 32 35 19 37 40 35 42 25 35 29 32 30 21 35 30 25 29 33 37 35 41 42 21 39 40 42 36 40 24 21 20 41 34 42 35 43 40 36 29 23 21 22 33 32 28 17 34 39 36 38 32 36 23 28 33 26 34 29 27 30 25 29 40 37 41 26 37 42 42 36 35 19 27 18 38 41 43 39 42 42 38 30 33 16
16 33 36 29 10 28 38 28 42 30 29 28 30 26 18 37 25 23 23 30 27 39 31 43 28 38 42 40 24 29 27 12 15 36 34 43 32 39 35 33 31 25 24 8 32 33 19 16 29 35 25 39 30 34 29 33 27 27 40 26 19 27 25 37 36 41 43 28 35 41 39 29 23 26 11 12 36 40 43 33 42 33 40 20 29 16
19 30 35 22 2 31 27 28 36 30 37 27 27 31 12 39 33 27 28 24 36 37 38 43 33 40 38 38 29 32 24 15 10 38 41 41 39 39 41 40 30 33 20 18 29 36 26 4 29 40 25 34 36 34 32 33 33 9 39 26 26 27 27 35 33 40 42 26 39 39 42 31 34 28 8 16 33 38 43 38 38 35 37 26 26 30
12 32 34 29 11 29 33 31 40 32 30 32 34 29 19 40 25 26 27 27 37 38 37 43 30 35 42 43 34 32 25 14 26 35 27 43 34 37 38 36 17 25 13 17 34 35 30 5 22 36 27 38 31 30 30 35 33 19 41 29 26 31 28 37 36 38 41 33 39 42 41 34 33 25 8 13 37 37 42 35 38 35 36 19 25 12
3 29 28 15 4 6 26 12 28 12 20 20 25 13 5 29 16 16 18 12 21 31 30 36 26 32 32 30 8 13 16 3 5 23 33 42 32 34 34 25 21 23 14 2 25 28 8 2 10 29 11 25 15 26 25 25 9 11 23 17 13 20 12 23 23 23 34 20 30 38 34 9 18 18 2 3 26 41 42 33 30 27 34 13 21 23
22 41 39 36 9 34 42 42 42 40 37 34 33 39 26 40 36 31 32 35 41 40 41 43 39 42 43 43 42 41 24 29 34 40 31 43 35 42 39 40 32 33 31 28 37 34 32 10 31 42 38 43 35 40 34 38 37 24 40 35 36 36 37 41 40 37 43 30 42 42 43 41 42 29 29 30 40 36 43 37 42 41 42 36 37 28
18 31 39 38 9 34 41 34 42 38 36 23 31 32 13 36 25 27 28 24 36 38 35 43 31 40 43 43 39 31 24 13 13 40 35 43 38 39 41 37 18 30 15 23 32 29 37 12 25 42 33 37 31 35 32 32 34 14 33 28 28 30 27 33 34 35 42 24 38 43 43 34 32 24 24 19 38 35 41 37 42 41 34 26 38 13
20 31 36 33 6 36 39 41 42 40 34 30 36 35 22 38 30 31 29 32 37 37 36 43 32 41 41 43 39 40 34 24 22 40 34 43 37 43 40 38 25 27 22 23 36 33 35 21 24 41 34 42 35 38 23 34 29 22 40 26 30 28 33 38 41 37 43 30 40 41 43 39 41 28 22 23 37 36 43 39 41 42 43 30 33 22
18 28 30 32 5 20 41 28 40 33 22 31 23 23 18 30 22 17 17 30 27 30 30 42 29 31 39 41 26 37 13 9 8 34 38 41 30 39 39 40 22 21 17 13 35 33 31 8 18 33 31 34 26 24 25 22 28 15 37 19 19 20 24 33 33 36 42 30 31 39 40 28 30 21 15 10 35 33 41 33 37 36 30 22 26 15
33 32 38 34 17 38 40 42 42 43 35 34 36 37 17 36 36 31 31 34 33 38 35 43 31 39 42 43 40 39 31 32 23 41 38 42 35 41 39 41 16 24 28 31 33 36 34 10 28 43 34 42 37 36 31 39 37 13 37 35 29 35 24 40 38 39 43 32 41 42 43 41 42 31 35 26 39 35 43 37 42 42 38 27 35 25
19 33 32 29 12 33 40 36 42 37 33 35 37 36 24 35 29 27 32 32 32 31 33 43 29 40 41 43 39 35 20 24 28 41 37 43 40 43 43 41 31 36 24 28 32 34 25 15 35 42 39 40 31 34 30 30 39 23 34 21 28 29 29 31 35 37 43 34 38 41 42 38 37 22 26 26 43 36 43 38 43 42 38 34 38 27
21 33 33 27 12 36 43 36 43 39 39 32 39 36 26 38 22 25 30 26 36 38 35 42 35 39 40 42 37 38 27 17 17 40 32 43 36 42 41 38 25 27 24 23 34 34 29 14 35 43 38 39 37 37 28 37 38 23 36 22 28 25 21 38 35 34 43 28 37 39 43 33 38 22 33 19 39 38 43 38 41 41 37 34 35 18
28 35 34 31 2 38 40 40 42 39 35 37 41 37 24 38 28 25 27 28 36 39 36 42 33 36 40 41 40 37 28 27 28 42 40 42 40 43 42 40 30 30 28 35 37 37 24 8 39 38 41 42 36 37 33 34 40 25 37 27 30 28 24 33 40 37 42 26 38 41 41 42 37 25 31 24 39 40 42 41 42 42 38 31 36 29
20 34 38 30 4 27 39 34 39 34 25 29 35 35 28 40 27 17 23 29 33 42 38 41 18 37 43 40 35 38 21 21 25 37 38 43 40 42 39 37 25 31 26 27 37 25 27 10 32 39 31 41 35 28 36 27 32 25 36 32 25 30 32 30 37 35 42 26 38 42 42 36 36 22 9 20 36 36 43 39 41 40 37 26 34 23
29 36 35 33 13 31 41 30 42 31 32 22 38 33 9 39 34 29 31 13 32 37 38 42 33 40 43 42 35 38 23 27 20 39 35 42 41 42 42 35 18 27 22 28 34 38 32 9 26 43 32 40 31 32 29 33 36 9 38 33 28 34 30 37 36 39 43 25 39 41 42 39 40 22 16 20 39 34 42 37 42 41 29 27 30 19
27 30 32 31 1 32 37 35 40 37 31 27 23 37 15 35 23 28 29 30 32 37 33 42 24 36 39 42 38 42 21 26 22 38 35 43 34 41 41 41 35 29 30 27 30 34 23 1 29 40 34 38 34 39 27 28 35 11 33 28 25 25 26 30 35 34 42 34 36 41 41 38 35 21 26 22 40 37 42 40 41 41 35 35 35 33
13 33 37 32 18 37 42 38 41 40 36 32 35 35 22 39 33 30 32 35 37 36 38 43 30 39 43 42 39 40 26 23 22 40 34 43 37 42 41 38 28 21 23 30 33 33 29 12 28 41 39 39 37 39 31 35 37 24 35 31 31 33 29 31 35 34 42 29 39 43 43 39 41 31 21 22 38 34 43 40 42 39 42 32 35 24
37 38 33 33 1 31 43 40 42 38 31 22 31 40 21 35 31 31 31 29 38 40 36 43 34 39 43 43 38 41 27 21 21 38 36 43 34 42 39 36 27 21 20 36 37 37 30 5 22 41 34 40 32 32 27 34 38 14 35 35 31 33 28 38 40 39 42 31 41 41 43 38 39 27 20 26 36 35 42 35 42 39 38 30 31 24
19 37 35 36 1 34 43 38 43 41 32 27 26 34 14 36 30 23 25 33 33 40 39 43 34 36 41 42 35 33 20 22 20 39 33 42 35 40 32 37 21 19 13 19 34 38 25 8 34 41 34 39 35 39 27 34 38 17 33 27 25 27 23 33 34 36 40 31 37 42 42 33 35 26 26 17 39 37 41 39 39 35 32 24 28 13
23 37 34 39 14 32 38 36 41 35 33 35 40 38 33 41 32 28 32 33 38 40 39 43 24 34 42 43 40 37 23 16 26 41 34 42 40 42 43 40 34 30 26 28 33 37 32 9 28 41 37 40 35 35 32 34 41 24 38 36 32 37 27 39 39 38 43 27 40 42 42 39 37 30 26 28 41 34 42 40 42 42 39 29 34 22
28 32 37 35 13 38 42 38 42 35 35 34 33 37 25 41 34 28 34 41 40 40 39 42 32 39 39 41 40 41 24 14 31 41 38 43 39 41 40 41 27 29 32 30 34 37 35 7 32 42 41 41 37 39 35 38 37 19 35 35 36 35 37 35 37 39 42 24 40 42 43 41 40 32 18 27 41 38 43 38 41 41 41 30 30 30
24 27 29 27 7 33 38 35 41 35 31 27 32 34 23 32 26 18 18 22 28 38 28 43 29 35 39 39 35 31 21 14 26 42 32 43 38 42 42 39 33 36 20 22 36 32 24 12 32 37 31 36 30 34 26 31 35 13 39 32 24 21 21 30 39 34 42 21 39 41 38 34 26 25 15 23 38 38 43 41 43 42 32 28 33 19
10 37 37 26 17 33 37 32 40 37 31 25 27 26 15 34 29 38 32 32 33 36 35 41 40 41 42 39 37 30 23 16 18 38 37 43 40 40 39 34 24 24 23 25 37 29 33 5 34 41 37 40 37 31 25 28 35 17 36 22 28 31 30 36 36 37 43 26 40 43 43 34 32 26 19 16 36 39 42 33 39 39 38 32 23 15
21 37 39 38 6 39 41 41 43 42 35 32 37 39 21 36 35 33 34 38 41 37 41 43 35 38 42 43 42 41 31 25 35 41 40 43 39 43 43 36 34 33 27 26 40 38 34 8 35 42 41 42 41 38 35 40 39 24 38 37 35 33 29 38 39 39 42 40 39 42 43 36 41 31 24 24 40 39 43 40 42 41 41 32 39 30
9 28 34 24 13 34 39 37 41 35 31 30 29 36 21 31 31 27 30 24 33 37 37 43 36 39 41 43 36 34 22 25 24 40 39 43 37 40 39 32 23 36 20 24 37 34 26 9 32 40 37 42 34 35 28 33 34 17 33 28 26 30 27 35 37 33 43 30 42 42 41 34 33 26 16 20 35 38 42 39 42 40 36 19 34 20
17 33 37 28 6 29 38 31 42 34 29 31 33 30 12 37 34 30 37 19 34 38 36 43 36 40 41 43 38 37 18 12 20 40 33 42 35 39 39 33 24 23 19 25 36 34 30 3 27 39 32 38 35 32 27 36 33 11 38 28 33 32 18 33 38 32 42 34 43 43 43 38 33 27 16 14 33 31 43 34 41 39 34 18 30 24
31 32 39 31 6 29 41 33 43 41 26 31 34 29 12 39 34 25 29 25 36 37 39 43 31 35 41 42 35 40 21 22 26 41 40 42 35 40 41 41 29 28 28 27 35 38 28 5 31 41 34 40 33 31 29 29 36 12 38 34 32 31 26 38 38 35 42 31 37 42 42 38 38 26 25 27 39 40 42 37 41 42 36 23 30 24
12 38 38 32 2 27 38 25 42 36 30 18 28 27 10 37 33 20 30 30 33 36 35 43 35 41 43 42 30 27 27 16 12 34 35 41 38 39 38 34 27 22 17 17 33 39 26 4 18 33 24 38 32 31 33 30 29 15 37 30 26 30 27 30 38 41 41 27 38 41 42 30 29 32 14 17 29 34 42 39 39 38 35 26 24 20
17 29 35 27 11 26 39 29 43 34 26 28 33 27 14 34 30 20 29 25 29 38 28 43 31 40 41 43 34 28 23 9 24 35 36 43 32 40 38 32 19 20 22 22 27 34 23 8 21 40 29 40 25 25 23 32 29 17 38 24 19 28 24 29 34 32 43 23 37 38 43 37 31 25 11 26 37 40 43 37 41 39 38 27 23 22
15 28 36 36 5 34 41 26 40 36 30 37 35 26 28 37 31 29 32 34 29 35 36 42 30 39 40 42 38 30 24 11 23 36 37 41 33 40 38 38 21 26 24 15 39 37 20 0 25 37 29 36 29 38 28 39 27 13 37 37 36 38 21 32 40 35 43 36 41 42 41 36 32 33 12 23 38 28 43 37 42 40 36 22 34 22
20 34 36 28 7 31 35 35 39 35 32 25 31 30 20 38 28 26 35 27 36 29 38 43 29 36 42 42 33 40 21 24 18 37 27 43 34 42 40 37 27 28 19 17 38 35 33 7 24 39 27 38 36 33 26 34 31 25 36 30 29 31 28 36 38 38 43 30 40 43 41 36 37 24 19 12 36 30 42 36 43 38 38 19 26 15
19 32 30 31 12 25 38 37 41 35 30 29 30 35 25 33 29 25 29 29 32 34 31 43 28 39 40 41 36 36 20 20 24 40 42 43 38 42 41 40 24 28 24 28 33 35 30 11 29 43 37 41 32 27 25 25 36 17 33 27 29 30 31 33 36 35 41 24 38 42 43 33 34 19 24 20 40 39 43 38 43 41 39 23 31 22
23 31 31 37 9 32 43 38 43 38 37 35 34 35 26 37 30 29 29 39 35 40 35 43 27 38 42 43 36 39 34 10 20 39 40 42 38 41 41 43 27 26 18 29 30 35 32 12 31 42 32 42 32 37 31 34 32 24 39 32 33 30 30 38 37 35 43 30 40 41 43 39 40 25 19 23 38 37 42 38 41 40 41 28 33 23
12 35 40 42 7 28 40 28 42 38 37 25 35 34 19 35 32 27 29 34 36 39 37 43 33 40 42 42 33 33 28 18 24 41 39 43 39 41 42 38 24 26 14 15 37 40 35 12 34 41 34 38 34 33 36 29 32 22 37 33 31 35 31 33 34 35 41 24 38 41 43 33 34 29 24 15 37 34 43 37 42 39 40 25 33 21
27 29 34 37 12 37 40 39 43 40 35 32 37 41 16 39 32 32 34 31 39 35 35 42 38 40 42 41 42 39 23 33 33 42 37 43 39 43 43 40 30 35 27 31 38 38 29 18 34 40 42 39 38 41 29 34 42 25 36 33 33 32 31 42 39 38 41 32 41 41 41 37 41 24 30 19 40 37 43 40 43 43 41 32 39 21
15 31 31 35 22 36 38 36 37 36 36 38 34 38 29 37 26 33 22 35 37 38 33 43 34 39 42 42 35 33 30 36 23 40 38 42 39 43 42 37 33 34 25 24 38 37 36 21 36 42 39 39 37 33 37 29 41 20 36 29 30 24 35 37 37 36 42 26 34 42 43 38 34 26 33 11 42 38 43 41 42 42 39 32 36 26
16 34 34 29 12 29 39 34 40 31 27 33 32 33 19 33 27 23 28 32 30 33 32 43 27 32 41 40 35 38 24 22 16 36 37 42 32 39 38 41 22 22 14 11 35 35 31 9 22 38 32 43 27 36 25 37 34 18 32 28 26 32 30 27 38 35 43 27 40 42 41 31 39 25 20 5 38 39 43 33 40 37 41 18 24 14
25 34 34 31 21 27 39 34 36 26 34 29 36 35 15 34 31 29 29 31 32 35 32 41 34 37 43 39 39 32 21 19 23 40 31 43 38 40 40 37 26 24 18 29 32 36 25 7 28 42 34 41 31 26 24 29 34 22 41 30 26 30 24 36 36 35 42 26 39 40 42 38 36 20 15 27 41 32 43 38 41 43 36 22 33 22
20 28 30 33 17 33 42 34 43 35 37 26 37 35 25 38 23 24 27 32 28 39 34 43 30 39 42 43 40 41 27 25 24 38 40 43 39 43 40 38 33 29 20 31 34 32 31 14 32 37 34 40 29 33 37 35 32 17 39 24 31 32 29 31 37 36 43 30 39 42 43 36 35 32 28 19 39 39 43 39 42 39 37 31 31 23
23 28 29 15 3 15 36 26 38 21 27 15 22 27 11 35 27 18 24 11 32 33 39 40 24 35 38 40 30 28 17 11 19 39 31 41 35 38 38 28 22 13 25 20 32 28 30 3 17 38 31 36 29 24 22 27 25 12 32 25 22 25 26 22 28 34 40 20 36 36 39 25 22 19 9 9 30 28 40 32 38 35 28 24 30 19
14 31 30 36 13 26 41 29 41 38 31 35 36 31 23 31 27 21 29 27 34 29 28 43 31 32 40 43 32 31 20 14 29 29 37 43 33 38 38 37 18 22 17 22 22 39 33 7 21 41 28 39 25 30 20 34 31 16 40 31 19 25 21 37 39 34 43 17 38 41 41 33 40 23 16 17 36 35 43 40 41 40 35 28 31 16
27 35 29 34 3 40 41 37 43 40 31 27 35 37 18 35 29 29 33 31 33 40 32 42 31 36 42 43 38 38 29 25 25 38 36 42 36 41 41 38 29 29 14 28 33 36 28 5 19 38 31 41 31 31 21 34 41 20 38 35 30 38 25 37 36 38 43 26 39 43 42 39 40 33 25 33 41 34 42 39 41 41 38 29 31 19
22 32 39 39 18 38 42 39 40 42 35 36 38 38 27 34 33 28 23 36 33 40 29 43 24 35 42 43 41 32 26 32 29 39 36 42 39 43 43 38 34 31 25 31 40 36 31 22 32 36 38 42 38 38 33 30 35 18 42 30 32 35 24 37 42 38 43 31 42 43 43 35 37 27 25 27 42 32 43 41 43 41 39 29 36 19
28 31 36 38 20 36 42 39 41 35 34 33 36 39 28 42 34 28 32 29 39 36 39 43 32 39 41 42 38 39 25 20 26 39 40 43 37 42 41 42 27 33 25 31 37 39 32 14 34 43 38 40 32 38 31 38 37 26 39 34 35 28 23 38 37 41 43 31 38 43 42 37 41 27 15 23 39 41 43 42 43 42 40 32 37 25
28 34 35 37 21 36 42 40 43 42 39 32 35 39 24 35 34 37 34 34 34 39 34 43 25 40 41 43 37 39 25 28 25 42 34 43 41 43 40 38 27 29 26 36 37 40 36 13 30 42 40 41 40 35 32 33 39 24 38 35 34 30 36 38 39 36 43 26 39 43 43 37 40 23 23 21 39 40 43 40 42 39 41 32 29 30
27 33 35 28 17 37 41 41 41 35 33 36 27 37 21 36 32 32 32 29 37 35 36 42 25 39 41 43 42 40 21 17 26 42 32 42 38 42 40 40 32 24 27 30 37 37 26 8 33 40 39 39 33 34 23 35 39 23 35 29 35 33 29 34 39 31 40 30 41 43 41 39 39 26 21 23 38 35 42 41 41 40 39 33 33 27
22 36 36 35 7 33 42 40 43 40 34 29 35 39 23 35 32 23 29 29 35 37 36 43 33 39 41 41 37 39 22 23 16 37 41 41 36 41 34 41 28 30 18 28 33 30 31 10 30 39 32 39 38 40 26 37 37 21 38 30 38 34 23 33 40 38 43 33 41 40 43 38 41 29 16 24 35 33 42 39 41 40 36 14 34 24
32 38 38 38 15 36 42 41 43 40 31 28 38 37 28 37 34 31 31 40 38 37 40 43 37 42 41 43 42 40 32 28 35 41 36 41 39 42 43 34 31 33 23 28 34 39 33 11 39 43 42 42 36 40 39 39 42 17 41 31 32 35 37 36 36 35 43 34 38 43 43 40 37 30 25 23 43 37 43 40 43 43 41 37 36 33
18 34 37 27 8 33 37 41 41 36 37 26 35 31 20 40 28 28 28 29 40 36 39 43 33 36 41 43 34 33 27 19 19 42 31 43 39 43 39 40 32 35 28 17 33 32 29 10 29 39 37 40 31 38 32 34 36 21 36 29 31 29 24 38 37 35 43 26 39 42 43 35 36 28 22 20 39 36 43 39 42 40 38 31 40 30
19 30 39 33 7 29 41 30 42 37 35 32 35 33 12 33 36 31 31 34 37 37 39 42 28 38 41 42 34 41 31 6 23 37 24 43 37 42 36 40 7 21 18 30 34 38 29 10 24 42 35 39 34 35 29 36 36 13 34 30 28 30 25 33 35 35 42 22 35 40 42 34 39 21 18 26 37 28 42 33 39 37 37 20 30 27
25 34 34 35 19 35 42 42 39 39 36 30 31 41 31 33 33 26 28 29 32 34 30 43 27 36 37 43 38 37 21 27 21 41 38 43 37 42 42 40 23 23 24 24 37 32 26 20 27 40 33 39 31 36 30 31 36 21 38 28 26 35 24 40 41 35 43 28 40 41 43 37 36 26 27 22 40 37 43 40 43 41 40 32 31 21
24 29 35 34 25 40 43 42 41 43 35 34 32 41 23 34 30 34 32 39 41 36 39 43 29 41 40 43 42 43 21 29 24 40 40 43 38 41 42 41 35 35 27 34 37 40 29 13 34 41 42 42 35 40 27 39 41 20 34 31 39 36 31 39 37 40 43 34 40 42 43 40 41 35 15 29 40 39 42 43 43 42 36 29 35 31
15 32 33 29 14 34 37 34 38 33 31 30 36 32 18 33 27 27 31 30 33 33 32 42 30 34 36 39 34 36 19 24 15 41 38 42 39 41 41 39 32 34 17 23 35 32 33 4 26 40 33 40 30 39 24 34 37 12 37 33 22 27 26 34 35 37 40 25 38 40 42 36 34 28 12 19 40 39 42 38 41 40 41 25 30 22
28 38 32 33 5 39 40 41 41 39 39 31 40 40 18 39 33 37 37 37 36 35 39 43 38 41 41 42 40 38 29 22 26 41 35 43 41 41 39 42 21 32 19 35 40 37 21 6 35 42 39 40 38 38 29 37 39 24 39 32 36 39 25 38 37 37 42 32 41 42 43 37 37 32 25 26 40 38 41 39 40 41 40 30 34 28
23 32 40 35 1 33 38 34 43 34 38 29 35 37 23 39 34 28 33 24 42 41 39 43 33 40 41 42 38 40 20 22 29 39 31 43 37 41 40 41 31 32 26 29 38 36 26 7 33 41 34 42 34 39 34 42 35 20 36 33 28 33 22 33 35 36 41 30 40 42 41 38 38 29 20 28 38 34 41 42 42 39 40 31 38 26
31 34 34 42 13 38 42 42 43 40 36 35 37 42 16 38 33 28 33 40 38 36 38 43 34 39 40 43 39 40 31 24 25 39 35 42 39 41 43 39 23 35 27 29 37 39 29 8 24 42 37 42 38 35 29 37 38 17 39 38 33 37 37 36 38 39 43 33 42 41 43 41 33 31 24 25 40 41 43 42 43 42 41 33 37 34
25 28 37 37 8 37 42 39 43 40 33 38 37 33 30 33 32 25 30 36 30 37 34 43 27 38 41 42 39 40 20 16 26 38 39 43 37 40 41 40 29 30 25 32 37 41 31 11 25 42 35 38 35 36 32 39 37 13 36 33 25 32 27 34 38 31 42 30 41 42 42 38 40 35 20 21 40 39 43 41 41 42 33 26 34 28
24 35 38 40 16 40 39 42 43 42 36 38 32 40 29 33 33 35 37 36 35 33 37 43 25 41 42 43 42 39 20 34 27 42 38 43 42 43 43 42 34 33 24 35 37 39 33 18 32 40 40 42 33 36 34 36 39 22 41 31 34 38 34 34 38 36 43 32 43 41 43 40 41 30 32 28 41 36 43 40 43 43 40 34 35 23
26 33 38 33 15 31 40 36 42 38 35 33 35 39 20 34 32 26 31 38 34 34 35 43 28 39 41 43 40 39 30 30 26 40 42 42 38 42 40 38 33 30 25 30 36 34 29 7 28 43 35 41 33 41 33 41 41 16 33 29 31 34 30 33 40 34 43 32 43 43 43 40 37 36 28 20 40 38 43 42 43 41 38 29 35 21
29 37 34 25 11 34 43 37 41 38 32 34 38 37 18 36 35 32 32 33 40 40 41 43 31 36 42 43 40 41 21 22 23 40 37 43 39 43 41 37 25 32 23 35 35 36 27 10 29 41 37 41 36 38 35 38 41 19 40 32 34 32 26 35 40 36 42 28 39 43 42 38 41 26 19 21 41 38 43 38 42 40 39 30 34 22
19 31 33 28 4 29 42 32 41 35 25 28 25 32 21 40 31 23 26 25 38 38 38 43 23 37 40 40 32 39 13 5 11 35 40 42 36 37 38 36 10 20 19 24 33 33 22 1 21 34 30 31 28 28 30 35 32 18 41 27 27 33 26 36 36 35 35 36 39 42 35 33 33 32 6 17 35 37 42 35 37 30 32 18 26 19
20 28 34 36 18 35 40 39 43 37 39 31 35 39 19 36 26 26 30 33 33 34 34 43 30 36 38 43 41 33 21 26 23 40 32 42 35 43 40 39 34 29 23 32 33 33 23 13 25 42 35 41 33 38 24 37 39 18 34 31 30 30 18 30 40 33 43 28 36 42 43 39 36 30 26 26 43 38 43 40 43 42 39 30 35 22
14 29 30 28 1 23 34 33 41 31 30 29 36 30 14 40 25 30 29 24 34 37 34 42 32 41 41 40 29 35 27 11 9 37 40 43 38 38 39 35 28 28 19 22 31 35 28 5 28 40 34 38 31 28 30 33 32 18 35 26 23 25 29 31 32 34 40 27 31 40 42 34 27 22 25 11 36 39 42 36 40 38 36 24 32 18
25 33 34 27 11 33 42 40 43 36 32 22 32 36 12 33 31 31 33 27 32 32 32 41 32 36 39 43 40 38 25 28 23 39 36 43 38 41 40 40 30 23 24 23 36 33 18 11 32 43 38 42 31 35 18 32 36 14 35 35 33 35 22 32 36 36 42 24 40 40 41 41 37 29 21 27 39 30 42 39 43 41 35 32 35 24
17 35 33 36 15 30 43 39 42 39 33 28 32 34 18 37 30 27 25 38 34 40 41 43 32 37 41 43 34 34 25 19 14 38 33 43 37 41 39 36 28 27 23 31 36 38 27 7 24 43 33 41 33 38 24 36 33 19 40 29 26 26 25 34 35 38 43 30 38 40 41 35 39 32 16 20 38 37 43 40 41 39 39 30 32 24
24 27 37 30 12 29 38 35 41 35 33 27 38 36 26 41 27 24 19 27 40 36 41 43 33 36 42 43 34 40 22 18 18 37 32 43 37 40 42 38 18 29 17 22 34 35 28 8 30 39 31 37 34 33 32 32 30 21 40 31 26 30 24 33 38 35 42 28 35 42 41 33 36 30 16 18 42 32 43 41 41 41 35 25 39 22
23 34 37 37 18 36 42 36 42 39 33 39 32 36 34 40 24 26 23 37 37 35 38 43 25 37 43 42 34 38 25 26 21 38 38 43 37 42 39 39 28 32 22 30 33 38 30 18 32 41 33 40 38 34 35 29 34 25 41 24 27 27 33 41 39 37 43 27 38 42 43 38 38 27 20 21 39 36 43 40 43 41 39 31 36 26
25 35 36 27 12 25 37 37 43 37 31 26 25 37 20 31 33 26 32 26 32 34 32 43 27 39 42 43 36 34 19 21 23 40 36 40 33 41 41 35 22 26 19 23 36 37 30 9 25 37 30 38 29 35 22 39 36 9 37 33 29 29 24 30 33 33 42 28 40 42 40 35 32 24 17 22 37 30 42 40 43 43 38 23 36 22
15 38 39 33 13 33 43 35 43 40 32 35 30 30 21 35 35 26 36 29 37 40 39 43 32 39 42 41 38 38 27 24 23 40 29 43 36 41 40 43 34 30 31 31 39 40 30 13 15 36 36 38 33 38 29 36 30 20 41 36 33 31 24 39 37 38 43 36 42 43 41 38 38 33 18 19 40 32 43 43 42 38 39 34 36 30
23 26 36 29 13 28 40 34 43 35 34 23 38 33 21 40 26 28 29 26 35 35 35 43 28 37 41 43 37 30 22 22 21 37 33 43 40 42 39 39 17 30 12 21 35 34 35 9 20 43 32 40 33 31 30 31 35 21 37 26 31 31 25 31 32 31 43 30 40 42 43 35 38 26 24 23 40 27 43 36 41 40 37 18 31 15
22 35 37 28 17 36 40 37 42 33 37 29 35 34 17 35 34 26 29 29 36 38 33 41 36 37 40 41 36 40 23 30 25 42 39 42 38 42 43 35 33 39 31 31 33 41 34 9 35 42 38 42 41 32 32 35 40 10 38 25 25 20 30 37 38 34 42 37 37 42 42 38 42 27 25 20 42 41 42 41 42 42 40 22 35 31
15 29 31 34 6 32 33 37 40 36 32 29 33 38 17 32 26 28 30 29 32 33 29 42 33 34 39 42 32 34 21 21 11 41 29 43 34 41 40 38 27 31 27 25 30 34 23 16 29 39 37 34 30 35 27 32 30 13 40 21 24 30 18 39 37 35 43 29 37 40 42 34 37 17 21 14 39 35 42 37 43 41 36 27 28 21
31 32 34 32 4 34 42 43 40 38 37 33 36 40 24 32 30 30 27 32 35 35 35 42 30 39 38 43 38 40 19 15 14 38 33 41 40 39 39 40 21 19 19 32 36 35 24 3 28 42 34 39 33 34 23 40 37 10 36 31 34 31 25 35 38 39 42 32 41 42 42 38 38 30 15 19 37 34 43 39 41 42 35 25 29 20
18 29 32 25 12 31 41 35 43 34 26 23 34 34 22 31 32 27 34 34 31 32 33 43 27 37 42 42 37 27 17 22 23 37 31 43 35 40 41 39 22 21 19 25 38 33 22 9 22 40 34 40 26 30 32 33 36 18 29 36 30 39 20 26 34 32 41 27 41 43 41 35 30 27 13 17 37 32 43 38 42 40 38 22 30 17
14 31 34 30 15 28 38 20 40 34 31 27 27 25 21 35 29 27 25 30 35 33 36 42 32 38 42 43 31 38 25 14 13 35 31 43 34 38 34 36 25 24 25 14 26 36 35 7 27 38 21 40 31 33 25 28 26 15 37 26 25 31 29 38 33 39 43 24 36 39 42 34 38 25 17 15 35 32 43 35 41 41 37 24 31 16
24 33 34 36 20 31 40 38 41 36 40 29 38 36 24 40 28 31 27 31 38 39 37 43 31 37 42 43 40 37 25 17 27 41 34 43 40 43 43 41 37 28 21 32 33 34 30 15 28 42 36 37 37 38 32 37 38 23 42 31 29 30 29 38 37 37 43 24 34 40 42 40 38 26 25 22 37 42 43 40 43 41 41 34 37 27
15 31 31 29 2 25 37 30 40 35 32 20 36 24 19 38 28 26 26 32 34 33 31 42 31 35 40 41 34 38 27 14 14 35 32 41 34 41 36 35 21 27 20 30 33 38 20 0 21 40 31 35 28 34 23 33 35 11 39 25 28 28 19 31 34 35 41 24 33 41 41 36 35 18 13 19 38 29 43 39 41 38 31 25 29 27
29 32 32 36 9 34 39 38 42 41 31 36 30 39 23 37 25 27 26 30 38 35 35 43 25 37 42 43 41 37 22 13 21 40 40 43 42 42 41 43 28 26 27 27 32 27 24 12 26 36 29 40 30 40 29 35 36 28 37 27 34 30 30 37 39 34 43 34 41 42 42 38 37 34 22 24 39 39 43 39 41 41 39 29 33 21
19 35 28 34 15 32 40 39 42 36 29 27 31 32 24 34 19 22 17 29 32 39 26 43 27 35 38 43 32 34 18 15 13 33 37 43 34 40 37 37 26 22 19 28 31 33 28 14 25 39 33 35 26 34 19 25 31 16 38 22 20 19 19 28 37 33 42 35 33 40 42 37 36 26 17 19 41 35 43 41 42 36 33 27 30 19
22 37 39 32 3 37 43 38 42 39 36 35 35 37 12 37 35 31 36 39 34 39 39 43 33 42 42 42 41 33 23 19 27 41 36 41 38 41 41 35 33 27 26 32 40 41 28 5 34 40 38 41 41 37 31 35 38 19 39 27 32 31 27 31 40 38 43 31 42 41 43 38 37 29 21 26 41 38 42 39 41 40 35 33 30 26
31 36 38 33 16 38 40 41 41 35 36 34 35 39 26 37 36 27 35 36 34 40 41 43 35 38 42 43 41 35 23 28 28 41 37 43 35 41 39 41 22 24 28 32 37 42 33 16 27 42 37 41 38 35 29 38 41 25 40 35 30 39 34 38 37 38 43 32 41 43 42 39 40 28 17 23 38 39 43 37 42 41 41 27 32 20
16 28 34 22 4 22 38 27 40 23 34 19 32 24 16 36 30 26 30 21 31 35 35 43 30 36 37 40 32 30 19 11 16 35 35 42 36 39 35 35 13 22 12 21 24 32 22 3 16 36 27 36 24 28 24 27 31 10 37 29 20 27 26 34 35 35 41 23 31 37 41 34 39 20 12 19 31 38 43 35 40 38 35 20 25 15
25 29 37 31 8 29 36 37 38 37 32 29 26 38 24 37 21 20 23 36 31 37 35 43 32 35 43 43 33 33 25 14 18 39 35 43 36 40 40 36 21 25 21 28 31 27 28 13 28 43 31 41 32 40 22 31 36 11 39 23 26 25 20 38 39 36 43 26 35 40 43 33 39 19 17 23 36 36 43 38 41 35 38 22 35 21
24 28 35 38 11 37 42 40 43 32 30 36 35 37 23 39 31 28 30 38 41 37 38 43 34 41 42 42 42 42 27 25 22 40 40 43 38 43 41 39 36 35 28 28 34 37 33 9 26 41 41 40 34 34 31 40 40 23 37 25 35 33 34 37 39 35 43 33 39 42 42 38 38 37 25 22 41 41 43 41 41 42 41 34 40 27
32 30 36 36 18 39 41 39 40 40 37 37 35 41 25 38 34 30 32 35 36 39 36 43 29 35 41 43 42 41 29 25 34 41 37 42 37 42 43 42 31 34 31 29 39 40 28 6 34 43 40 42 35 41 36 37 40 17 40 39 36 38 23 39 41 38 43 37 39 42 43 42 42 32 17 26 42 37 43 41 41 41 41 31 35 32
25 34 39 36 5 33 41 38 42 35 34 31 41 37 15 34 29 22 25 35 33 42 37 43 29 42 43 42 37 37 25 15 19 39 40 41 36 43 40 39 25 23 22 30 39 34 34 7 32 40 35 39 34 30 33 30 37 27 33 33 23 34 34 32 33 35 40 29 39 42 40 37 37 26 8 22 39 39 43 40 40 40 38 28 29 29
22 29 32 30 7 24 35 36 36 29 30 25 37 33 14 34 29 27 26 26 37 35 32 42 35 40 39 40 37 37 23 13 27 35 39 42 37 42 40 38 21 28 27 26 31 35 34 4 31 35 27 39 33 32 24 29 37 24 34 29 22 26 36 33 30 30 42 24 37 38 42 35 35 22 8 12 39 36 42 40 42 42 39 34 30 27
23 36 34 31 16 29 38 35 43 33 37 32 36 35 22 40 29 28 26 30 40 38 36 43 33 39 41 43 37 36 35 27 18 38 35 43 38 41 40 36 28 32 29 27 27 35 29 10 32 42 37 40 36 42 28 35 37 16 40 25 27 25 22 41 37 38 43 23 38 41 43 40 39 28 24 18 39 35 43 42 43 42 39 35 41 35
25 32 35 35 13 35 40 37 42 39 37 35 35 40 20 36 32 30 28 32 35 36 36 43 34 38 41 43 37 38 24 24 23 41 30 43 38 42 40 38 30 33 34 21 36 36 34 12 33 43 35 39 35 39 28 40 41 21 40 35 30 35 22 37 37 39 42 29 42 43 42 37 36 30 22 16 40 34 43 42 43 42 39 28 35 26
19 33 32 31 6 27 39 39 41 35 36 30 37 30 18 38 28 21 24 31 36 37 35 43 27 38 42 43 34 35 24 10 18 39 31 43 35 42 42 39 23 30 23 27 30 31 26 17 24 39 31 38 33 37 21 30 30 17 37 23 26 30 25 32 38 32 42 25 38 42 43 36 38 22 23 20 40 35 43 39 41 41 38 24 35 25
17 33 34 30 21 34 43 40 43 39 34 33 34 36 27 38 34 25 31 27 31 39 36 43 29 36 42 43 38 38 18 22 26 39 32 43 33 42 41 42 29 23 20 22 34 34 27 16 32 36 31 41 37 34 32 31 33 21 42 26 32 35 24 40 42 35 43 28 35 42 42 36 40 30 19 24 34 36 43 38 43 42 40 27 35 24
18 24 35 40 15 33 40 30 43 43 42 34 37 34 22 38 28 31 27 29 35 27 33 43 34 40 42 43 36 39 31 25 18 35 38 43 40 43 42 39 34 34 23 19 34 38 36 19 29 41 34 40 34 30 35 35 36 24 38 31 31 31 34 36 36 34 43 28 41 42 42 38 39 31 24 17 41 34 43 39 42 39 37 30 32 23
30 33 39 37 32 41 43 40 42 41 31 34 40 35 26 40 30 27 33 39 34 41 40 43 28 36 42 43 40 39 20 33 27 42 38 43 39 43 42 40 34 32 24 31 31 35 29 27 36 41 38 42 39 36 37 40 38 25 39 28 31 32 33 36 42 37 43 27 42 43 42 42 38 28 31 31 43 37 43 43 43 42 41 31 34 29
26 36 30 25 12 23 36 31 40 33 25 28 34 33 19 38 31 23 29 27 35 40 38 40 29 33 37 38 35 35 19 19 22 39 36 42 35 41 39 35 30 20 28 33 23 25 25 11 14 35 30 42 37 33 34 36 32 22 37 23 20 26 24 37 38 35 42 21 31 39 41 38 34 21 7 30 36 38 43 36 41 42 40 33 30 29
27 36 39 28 6 38 42 40 43 38 37 27 39 39 15 37 37 35 31 22 40 37 40 43 31 39 41 43 41 41 31 27 24 41 33 42 38 41 40 40 27 34 27 33 31 36 25 3 33 41 35 38 39 36 30 37 37 17 39 35 32 35 29 35 36 40 43 34 37 43 43 40 38 30 26 28 40 38 42 38 43 41 40 29 38 34
26 29 36 26 3 34 39 32 41 35 31 32 31 36 19 31 32 20 26 24 34 33 33 41 31 38 41 41 39 31 22 10 22 37 31 41 36 39 34 34 21 21 14 21 35 31 24 0 31 39 33 41 30 26 28 30 32 13 39 26 23 27 24 38 35 33 42 27 36 42 43 35 36 27 2 22 36 33 43 38 40 34 38 23 32 19
14 32 27 37 16 33 37 36 42 38 25 30 33 32 21 36 23 29 24 33 28 33 32 42 28 39 41 43 34 23 20 20 13 37 38 42 31 41 41 37 17 21 16 15 29 35 31 11 23 35 32 40 27 32 30 41 29 19 36 24 30 30 26 28 38 29 42 33 38 41 42 29 23 27 19 13 35 38 43 38 40 38 38 23 27 18
19 28 33 36 2 31 42 29 40 37 32 27 28 29 22 39 24 19 19 29 36 32 38 41 23 33 40 42 31 35 29 14 13 37 37 43 34 39 36 36 31 21 27 21 31 35 28 3 25 36 35 36 33 40 22 38 31 12 38 27 29 30 26 27 38 37 38 35 39 42 39 33 29 34 14 10 39 35 43 39 39 34 36 17 23 17
7 27 34 33 15 24 38 24 41 34 31 22 40 23 17 33 31 19 25 22 32 35 34 43 31 34 43 40 23 34 27 13 11 33 35 43 40 36 36 37 22 28 14 13 32 35 25 13 25 36 33 42 33 26 29 31 29 12 38 26 19 24 23 27 33 36 43 20 42 43 41 28 26 25 14 13 33 42 43 35 39 33 32 24 24 24
19 32 37 32 20 30 39 38 40 31 33 36 41 34 22 40 29 32 30 28 35 40 39 43 26 40 42 42 36 35 28 18 18 40 35 43 39 43 41 40 31 34 18 23 33 35 32 19 35 42 40 40 38 32 28 31 34 22 38 29 26 28 24 37 37 36 43 25 39 41 43 33 37 25 22 23 41 38 43 39 41 41 41 29 37 29
30 36 34 41 21 34 43 38 43 39 37 37 36 39 30 40 32 29 36 33 39 40 36 43 31 41 43 43 40 42 30 36 22 41 34 43 38 42 40 41 32 25 19 26 41 42 33 17 30 42 36 43 35 39 30 39 39 28 42 33 31 36 27 41 40 41 43 31 43 43 43 38 38 33 32 21 38 38 43 42 42 40 42 37 31 20
14 36 36 31 10 26 40 35 38 37 28 31 27 22 17 40 30 21 25 32 31 35 35 43 31 41 39 43 29 33 25 13 15 31 36 43 35 39 35 37 20 16 15 17 34 33 28 8 22 39 25 40 33 28 23 33 29 19 41 26 29 28 29 34 39 38 42 26 39 43 42 29 35 27 12 11 32 30 43 36 39 35 36 16 25 23
23 32 35 27 5 37 42 37 40 38 36 27 37 35 20 33 28 25 35 26 36 36 38 43 32 39 42 42 34 36 28 29 23 39 29 42 38 41 39 39 26 33 22 24 37 36 26 9 34 40 36 41 37 37 21 27 37 16 37 35 26 35 26 38 40 36 43 26 39 42 43 38 38 20 27 22 41 32 43 39 42 38 38 31 29 22
29 35 34 31 11 28 35 31 39 30 25 25 26 34 9 39 32 20 31 27 32 34 36 42 26 35 38 38 37 37 14 11 28 42 37 42 39 43 41 39 19 25 34 34 33 31 30 10 26 37 32 39 31 24 25 26 33 10 37 29 28 32 25 35 36 33 42 24 36 40 40 34 38 17 9 31 38 34 42 37 42 41 39 30 24 26
34 36 37 27 9 37 38 31 42 37 37 35 38 40 26 33 36 28 35 29 34 35 37 43 34 37 39 40 39 40 25 28 33 40 37 41 41 41 40 37 33 25 28 32 29 33 35 8 34 43 40 42 39 35 34 37 41 25 39 33 28 35 28 36 41 37 43 27 39 41 43 40 39 29 7 28 40 41 42 40 42 42 40 32 29 24
29 33 38 37 16 32 42 40 42 41 37 37 39 39 22 39 37 31 30 34 38 39 40 43 37 40 42 42 40 42 23 29 17 41 38 43 39 43 40 39 34 34 31 25 35 41 34 11 32 42 42 40 40 39 37 38 41 24 35 39 34 35 32 38 38 39 42 30 41 43 43 39 43 31 24 21 39 41 43 40 42 41 38 32 36 29
30 37 39 38 14 39 43 40 41 39 39 34 41 37 23 34 35 35 35 39 40 34 35 43 34 42 43 42 38 39 33 24 26 41 31 43 38 42 41 40 26 28 20 37 36 37 33 11 30 41 37 42 40 39 38 36 40 24 42 35 33 34 28 40 39 37 43 26 40 43 43 40 42 31 23 30 37 35 43 40 42 41 42 30 36 19
16 33 35 31 8 22 39 27 40 36 30 29 30 30 16 36 33 27 30 27 35 34 35 43 25 39 40 42 32 40 25 15 18 39 30 42 30 41 34 34 19 23 15 12 33 37 30 8 23 36 24 37 30 32 29 23 29 17 38 32 29 32 20 32 31 36 43 26 39 42 42 33 39 26 16 18 37 28 42 33 39 38 39 30 22 23
34 34 39 31 8 36 39 36 42 35 37 33 34 37 20 36 29 28 28 39 36 40 37 42 31 38 41 42 38 37 29 16 31 40 40 42 37 39 38 37 25 26 25 32 33 36 31 1 35 40 35 42 35 39 26 35 36 13 37 34 33 36 33 33 37 38 42 28 41 42 42 38 41 28 17 26 39 40 43 40 43 41 40 28 29 24
13 32 36 34 10 27 39 31 42 36 34 35 37 30 23 39 32 34 34 31 36 36 37 43 39 40 42 42 36 38 26 18 24 39 31 43 41 40 39 34 28 25 21 23 39 40 32 3 32 38 31 42 36 35 32 34 36 20 38 32 33 34 24 35 37 37 42 33 41 43 42 40 40 34 16 20 36 31 43 39 40 37 37 25 26 19
20 38 37 38 10 43 42 43 43 41 38 39 37 39 17 36 31 30 24 39 38 40 40 43 32 40 43 42 40 40 34 30 26 41 37 42 38 42 40 42 29 19 22 34 36 39 27 12 32 43 38 41 38 39 32 38 37 16 35 32 36 38 22 34 38 39 43 31 40 42 43 40 39 38 23 33 40 38 42 38 43 40 41 30 33 32
24 32 37 38 17 38 43 43 43 42 35 32 31 41 28 41 32 31 30 36 38 42 40 43 27 39 41 43 38 42 20 31 19 37 34 42 37 43 41 42 31 34 27 25 34 34 21 16 33 42 40 35 32 40 28 35 41 27 40 32 36 32 22 43 35 39 43 42 42 43 42 37 40 31 32 20 40 43 43 41 43 42 41 33 39 26
15 30 32 35 13 26 38 27 41 30 23 29 27 28 20 36 24 21 24 23 36 38 32 42 25 36 42 42 35 27 22 5 20 39 37 41 34 40 36 31 9 23 12 22 31 32 30 8 24 36 32 38 29 32 29 31 27 23 32 22 22 27 24 27 32 30 42 24 29 40 40 33 29 23 10 18 30 39 43 31 37 37 38 23 22 18
38 32 38 38 27 35 42 39 41 40 36 35 39 42 27 38 33 39 36 39 40 39 39 42 32 42 41 43 42 39 28 29 33 42 40 42 41 42 42 41 36 33 30 39 41 40 34 6 35 43 42 41 43 42 35 42 43 19 34 36 41 40 29 34 36 38 43 37 43 43 43 43 41 34 20 35 41 38 43 43 43 43 39 37 36 34
25 33 33 32 8 26 36 32 42 36 35 31 28 33 22 39 26 24 29 30 34 36 36 43 33 37 42 41 39 31 25 14 17 37 37 42 39 40 38 38 26 20 19 19 34 36 30 10 30 39 29 41 33 29 34 30 30 21 38 27 26 23 26 34 38 33 42 32 34 41 42 35 36 26 17 14 40 38 43 40 42 38 34 30 27 23
21 33 38 36 8 35 42 39 43 41 32 27 38 39 22 35 32 32 29 24 31 39 37 43 31 39 39 43 39 37 17 29 20 41 35 43 36 41 42 40 34 33 25 28 32 37 29 12 29 41 38 39 34 38 26 34 40 18 36 32 33 33 25 37 32 39 43 26 40 41 41 41 40 25 25 24 41 37 42 39 43 37 38 36 36 23
32 28 37 34 17 31 40 36 41 36 30 33 36 40 28 37 30 23 28 34 37 35 37 41 32 35 41 40 39 40 19 18 24 41 28 42 39 43 42 38 30 36 27 27 34 33 33 10 25 37 34 42 33 39 30 39 35 18 41 32 28 33 27 36 36 39 43 27 40 43 42 38 37 20 21 23 42 34 43 42 43 40 39 35 38 24
34 35 39 37 2 32 41 37 42 39 31 28 26 36 26 40 36 30 31 32 41 38 37 42 25 35 40 43 40 42 25 22 31 37 36 43 37 41 41 43 30 26 27 33 34 38 29 8 22 39 37 40 35 38 24 32 36 18 41 35 31 35 29 39 40 38 43 27 41 41 42 36 41 35 20 30 40 33 42 40 42 41 39 28 32 32
33 35 38 24 7 28 43 38 42 37 27 31 32 38 15 39 24 20 25 21 38 39 40 42 25 36 40 42 39 40 23 27 28 42 38 42 34 41 41 40 33 25 21 23 34 35 35 9 27 41 34 40 35 35 31 36 34 24 38 21 29 31 34 39 33 36 42 29 38 39 41 34 40 23 23 17 37 34 41 37 42 38 37 32 32 23
23 33 33 32 3 31 41 34 41 35 39 30 42 37 22 40 31 39 35 32 38 34 36 42 40 42 43 41 40 37 27 12 21 38 36 42 36 37 38 38 26 22 19 33 34 35 28 5 30 41 38 39 33 36 32 32 39 20 38 32 29 34 24 40 35 36 42 24 42 43 43 41 41 31 13 21 39 35 42 38 41 40 39 26 30 24
18 29 39 31 9 32 38 34 40 31 29 28 29 30 20 35 31 23 23 26 28 39 34 43 26 34 41 42 29 36 20 16 25 40 34 42 36 42 41 35 32 17 17 26 30 33 31 7 27 37 35 39 30 33 27 37 38 20 32 24 21 24 28 24 35 29 42 23 32 42 41 35 35 29 11 16 36 35 42 40 41 39 37 27 33 21
37 34 37 36 13 36 42 36 43 38 38 35 37 39 25 36 36 33 35 33 35 41 37 43 33 37 42 42 42 40 21 26 33 42 39 42 40 42 40 39 33 29 27 34 36 40 36 10 30 43 39 42 37 40 36 39 40 21 38 36 32 37 30 39 39 35 43 26 40 43 43 41 40 30 25 32 41 38 43 35 43 42 41 30 33 26
17 30 28 32 15 31 41 32 43 31 34 29 35 36 29 39 30 27 27 35 34 42 30 43 28 36 39 42 37 35 24 25 26 41 34 42 36 42 42 41 30 25 25 32 29 35 28 7 26 40 37 41 28 34 37 29 37 24 40 29 25 28 25 41 41 31 43 23 32 41 42 38 41 22 20 25 39 36 43 36 43 41 41 33 33 24
23 31 30 35 8 29 40 40 43 39 35 33 29 39 19 34 28 33 31 35 35 37 31 43 26 39 42 43 38 32 20 26 22 41 41 43 39 42 38 42 34 21 33 30 33 35 27 8 30 41 34 41 28 36 30 35 39 18 33 25 34 34 30 29 37 32 42 27 40 41 41 40 35 31 17 30 40 37 42 39 42 41 38 29 34 37
20 27 35 29 6 27 37 36 42 39 35 32 28 33 18 40 25 26 32 33 39 37 41 42 27 38 41 42 36 39 18 12 19 40 38 43 38 41 41 37 27 31 22 20 36 34 31 6 30 40 36 38 36 35 27 37 29 19 34 26 33 28 27 35 38 36 41 28 37 42 42 34 32 26 26 21 38 31 42 39 41 40 36 29 34 19
21 30 35 35 5 35 39 36 42 39 36 27 37 36 18 34 26 34 35 34 35 39 36 43 26 38 41 43 37 38 31 19 24 39 26 42 40 42 41 39 24 31 19 27 33 35 35 6 32 40 36 38 36 37 28 34 36 19 38 28 31 34 22 36 36 34 43 26 37 42 43 38 39 29 21 26 39 24 43 37 42 41 39 26 34 27
20 36 35 22 9 35 39 40 41 34 36 25 38 37 17 35 33 30 34 20 34 38 36 43 37 40 43 42 38 33 27 19 22 39 39 43 38 42 42 38 28 30 30 31 38 33 26 9 22 39 33 40 32 34 31 32 35 15 38 34 33 36 20 32 38 36 42 28 42 42 40 37 32 30 21 31 38 33 43 40 42 41 39 32 36 31
17 30 36 24 1 27 38 35 36 33 34 20 37 36 11 31 29 25 28 18 29 35 35 42 38 38 41 40 36 31 18 16 23 37 27 41 38 39 36 34 22 30 22 18 32 27 28 2 22 39 32 36 33 35 30 39 36 8 39 22 29 30 22 33 36 34 42 29 35 39 40 35 25 25 12 8 37 34 41 37 39 40 38 29 30 17
25 33 21 29 4 39 42 37 43 40 31 29 28 37 9 34 27 35 32 29 34 39 30 41 31 35 41 40 40 38 22 18 20 39 34 43 40 42 43 39 36 25 28 25 37 29 29 7 23 41 31 40 30 33 25 32 35 17 38 30 32 36 30 36 38 34 41 30 39 41 41 35 39 24 24 24 40 37 43 35 42 41 36 33 27 22
33 34 33 39 8 38 42 40 41 41 38 39 34 40 30 34 35 34 34 39 38 35 37 43 31 39 40 43 39 41 25 30 18 39 32 41 36 40 32 41 32 20 13 29 37 34 29 12 27 39 36 39 33 36 31 40 41 28 39 34 36 34 28 39 39 39 42 39 42 42 43 37 41 36 5 15 40 38 43 41 42 39 41 31 32 23
34 38 38 41 10 40 43 43 43 41 36 42 39 42 27 43 37 27 32 40 43 39 40 43 37 41 42 43 43 43 30 30 40 42 41 43 42 43 42 43 32 31 23 35 35 35 34 19 31 39 38 40 38 38 36 42 38 30 41 37 38 36 31 42 38 40 43 38 42 42 43 42 42 41 31 33 42 40 43 42 42 42 43 38 42 30
27 28 37 36 5 36 42 35 43 41 39 30 36 38 21 38 36 28 34 41 40 38 41 43 33 38 40 42 41 41 23 24 24 40 33 43 40 43 40 41 29 28 22 29 35 34 34 17 30 41 35 41 36 38 29 40 37 24 39 32 30 33 32 38 34 36 43 27 40 41 43 38 38 24 31 27 38 36 43 40 42 41 42 27 38 25
25 29 32 39 24 38 43 36 42 39 34 30 34 40 19 39 29 22 29 40 32 37 36 43 30 39 40 43 38 39 25 27 23 38 30 42 36 42 38 35 37 22 20 32 36 33 32 14 29 42 36 40 30 33 28 36 39 18 35 26 33 31 29 35 35 33 42 28 41 42 43 39 39 33 22 26 43 36 43 37 43 40 40 29 35 19
16 33 38 40 15 35 40 36 42 38 37 37 34 33 20 35 34 25 31 40 34 40 39 43 31 34 41 42 37 36 17 24 25 40 40 43 39 43 40 40 32 29 29 31 29 39 35 13 29 41 38 39 36 37 28 37 41 15 40 36 26 32 27 40 39 39 42 29 41 42 42 38 38 28 19 26 41 40 42 39 41 41 36 31 31 23
7 31 39 34 14 28 30 29 39 34 34 34 32 29 21 39 33 24 29 33 39 38 34 42 22 38 40 41 34 34 18 22 11 35 39 42 37 40 39 40 24 27 16 14 34 33 36 8 30 37 34 40 35 36 33 38 36 18 36 19 26 28 29 31 33 38 42 33 34 42 42 25 28 25 22 4 34 37 43 39 38 40 40 24 32 19
21 30 31 33 8 28 35 32 42 33 25 22 32 34 18 30 28 21 26 28 31 34 34 42 30 34 41 42 38 34 22 20 25 38 38 42 37 41 40 39 27 23 25 26 34 34 31 7 28 40 33 41 37 32 27 24 35 18 30 29 24 28 26 31 35 32 43 26 35 40 43 39 31 28 11 21 41 37 43 36 42 40 33 23 22 18
22 32 38 35 15 36 38 36 42 37 34 31 35 36 25 35 32 30 33 35 28 34 33 43 36 41 42 43 39 36 24 26 19 40 41 43 39 41 41 42 33 31 29 33 34 36 23 16 30 42 37 41 27 40 30 34 39 18 42 35 33 33 24 35 40 33 43 22 40 42 42 43 41 26 28 30 42 41 43 37 43 43 39 27 29 25
26 31 36 30 10 29 39 34 40 35 40 32 39 39 13 36 33 38 36 27 34 35 38 41 32 40 41 42 40 39 26 33 16 42 38 43 39 42 42 42 27 32 31 29 31 35 30 3 30 43 36 41 33 39 33 38 38 25 36 34 35 34 32 35 36 36 42 29 39 40 41 39 40 25 23 15 39 37 43 38 42 41 41 32 36 34
36 30 38 36 15 34 41 39 42 39 32 25 31 40 19 35 34 25 32 29 38 41 40 42 31 42 42 42 39 40 24 21 27 43 41 43 36 42 40 41 27 26 27 29 37 33 37 13 34 43 35 41 37 37 33 29 41 27 34 29 36 33 36 36 35 38 43 25 40 41 43 37 31 30 21 25 39 34 43 36 41 42 37 31 38 27
24 31 37 30 11 36 40 39 38 38 31 33 33 38 13 37 30 24 28 23 33 36 38 43 31 37 36 39 41 40 18 32 28 41 42 43 37 42 40 35 32 24 24 32 36 38 29 5 23 41 35 40 26 37 31 36 36 22 39 29 27 31 24 31 35 37 42 27 39 39 42 37 38 26 17 26 41 36 43 38 42 40 40 27 37 29
26 37 37 34 8 40 39 41 43 40 35 32 36 39 20 37 33 29 32 29 34 41 37 43 32 36 41 43 39 42 23 26 20 40 40 42 37 43 42 40 36 32 32 37 35 38 26 19 33 40 40 42 34 36 30 35 40 19 39 36 33 32 25 38 41 40 43 25 37 40 42 41 39 27 28 28 42 35 43 38 43 41 41 35 34 18
28 33 35 36 24 32 39 37 42 39 33 40 33 33 23 35 26 24 28 42 34 38 35 43 36 36 40 42 38 36 21 33 24 41 37 43 33 42 42 40 30 39 28 28 36 37 29 15 28 41 34 42 34 38 36 41 38 23 41 28 29 27 27 37 38 38 43 27 40 43 42 36 40 27 20 20 40 37 43 40 42 39 40 37 40 32
25 34 38 32 6 32 42 39 43 40 33 35 33 39 20 34 37 28 29 33 33 38 36 43 32 38 42 41 37 33 24 27 24 43 40 43 36 43 43 40 31 31 22 31 37 38 29 16 29 42 33 40 37 35 33 33 38 28 35 36 25 35 29 34 37 39 43 30 40 42 43 34 37 24 17 22 38 38 43 41 43 41 41 29 32 25
26 32 27 34 11 36 41 36 40 38 32 40 34 37 20 33 29 31 33 37 32 34 30 42 27 39 40 40 36 37 25 26 25 40 39 43 34 42 41 38 24 31 12 25 40 36 36 8 34 42 34 37 35 32 32 29 38 15 36 33 28 36 30 37 35 38 43 23 40 41 43 34 41 21 12 20 39 38 43 36 42 41 40 25 36 20
22 35 37 26 9 26 38 39 41 33 34 26 26 36 18 34 33 24 28 27 36 37 37 42 26 36 41 43 39 36 22 13 26 39 40 42 37 41 41 37 20 26 20 29 33 35 28 10 29 40 35 41 31 27 25 28 33 22 36 30 26 30 27 36 39 40 43 24 34 41 41 38 35 22 19 27 38 37 42 33 41 40 38 16 25 25
15 27 34 33 13 18 42 33 43 37 33 31 32 27 27 39 30 21 25 28 34 35 36 43 27 34 40 41 33 35 21 18 20 34 35 43 34 41 39 38 23 23 16 26 33 37 23 6 21 38 30 39 22 32 30 33 32 17 40 30 21 31 22 36 36 36 42 30 36 42 42 33 38 25 15 22 31 32 42 34 41 36 35 30 30 24
28 32 36 38 11 32 37 32 43 37 31 35 26 33 30 39 33 24 30 36 36 34 36 43 28 40 41 42 37 39 19 19 15 38 35 43 37 42 38 41 29 25 29 28 34 37 34 12 17 39 33 42 28 39 27 36 33 20 39 28 35 30 31 38 36 36 43 26 42 43 41 38 38 25 20 19 40 30 43 38 41 40 42 30 30 28
29 33 36 32 20 32 38 38 39 36 38 33 40 34 8 37 29 30 28 35 36 38 37 42 34 33 41 42 40 41 20 15 29 39 23 42 37 42 43 35 17 31 24 31 33 37 21 5 28 41 38 39 34 37 27 31 35 11 39 32 27 27 35 36 41 38 42 25 36 40 43 40 41 25 14 29 38 30 43 41 42 43 36 30 41 24
30 30 33 36 14 39 40 41 43 36 36 40 29 40 31 38 32 23 30 40 31 37 33 43 35 37 40 43 40 34 22 25 28 38 34 43 37 41 40 41 28 26 27 31 39 36 27 12 24 41 33 42 32 36 36 35 39 27 42 31 27 32 33 38 41 34 42 30 40 42 40 39 40 28 17 25 40 37 43 40 42 40 38 31 31 31
21 29 37 32 7 32 40 35 39 38 34 24 33 33 14 35 29 28 28 30 37 35 37 43 26 37 38 42 39 37 23 27 25 39 37 43 36 41 41 34 25 26 24 25 35 36 28 9 26 39 34 41 29 36 27 33 34 16 33 35 28 33 33 29 37 36 43 28 40 41 42 36 37 25 18 21 42 36 42 41 41 39 38 16 33 19
36 30 33 35 14 35 40 39 43 40 38 32 35 36 28 39 29 33 36 39 36 37 38 42 25 40 42 43 39 40 31 25 27 39 40 42 40 41 40 40 28 31 31 36 37 34 35 8 27 39 37 43 36 35 35 34 40 27 41 36 35 38 33 41 39 41 43 26 42 42 41 39 41 22 13 29 40 36 43 38 41 43 41 35 32 33
14 30 34 28 4 34 41 39 43 32 32 28 37 33 11 37 27 24 30 30 37 34 31 43 32 38 40 42 38 36 28 17 14 38 36 41 37 39 39 38 21 23 19 20 36 37 24 3 24 40 37 41 28 34 30 36 37 18 36 28 27 33 21 32 37 33 43 29 41 41 43 35 35 26 16 17 36 30 41 35 42 38 32 27 31 19
19 35 38 41 14 42 40 38 43 42 38 39 35 38 21 35 34 35 39 38 35 38 36 43 34 40 43 43 42 38 24 26 31 40 39 42 41 43 41 36 31 29 26 21 37 38 40 18 34 39 41 40 39 36 37 33 36 24 39 37 37 38 32 34 41 36 43 34 43 43 43 38 32 28 29 27 42 39 43 42 43 41 36 31 32 29
31 32 34 40 7 31 39 37 43 39 33 37 29 38 22 36 28 27 27 40 35 40 37 43 33 38 41 42 39 38 23 24 24 40 40 43 38 40 41 40 32 34 29 29 34 37 37 12 31 39 37 41 34 40 32 26 37 22 38 34 37 37 27 35 38 29 42 24 41 40 42 40 38 34 18 27 39 38 42 41 42 40 40 31 34 28
22 34 37 36 4 28 38 39 43 39 34 29 35 35 9 36 28 24 33 31 36 39 37 43 30 41 42 42 39 40 25 19 21 40 39 42 37 40 40 41 29 26 28 26 39 32 30 6 33 41 37 40 36 38 28 29 36 23 33 30 32 32 33 32 37 35 42 33 37 41 42 36 35 27 20 14 36 40 43 40 43 41 38 29 34 21
19 30 34 31 8 30 38 34 42 30 28 24 27 30 19 33 31 22 24 27 29 38 36 43 28 35 41 42 32 34 21 18 23 39 35 42 35 40 38 40 22 19 21 21 36 38 32 15 15 36 31 40 31 34 18 31 31 14 39 35 26 31 21 30 40 36 43 26 39 42 41 33 29 22 9 17 35 36 43 36 42 42 32 28 22 14
33 27 32 32 10 36 39 39 42 36 38 37 37 37 19 36 37 29 37 33 36 36 36 42 37 43 40 42 39 41 30 22 24 42 36 43 40 43 40 39 33 31 24 36 36 37 33 10 28 41 40 42 38 39 35 33 41 26 34 36 34 37 37 34 30 39 43 29 41 42 42 41 37 19 30 20 40 36 43 41 43 39 41 28 30 24
37 32 33 42 9 41 43 43 43 39 41 38 40 42 29 37 31 36 34 39 41 35 39 43 29 42 41 43 42 41 23 33 33 41 36 43 42 43 41 41 36 35 28 35 41 37 33 21 36 43 38 42 36 38 34 36 40 27 39 37 35 39 35 37 41 36 43 39 41 42 43 40 42 27 31 25 43 39 42 42 42 43 40 33 39 28
19 28 28 37 4 30 40 34 39 35 33 27 31 34 20 30 25 23 29 34 25 34 26 42 30 39 40 42 35 36 24 16 15 40 34 41 33 38 36 32 22 26 19 11 36 30 24 6 24 41 31 39 32 27 25 28 29 23 35 29 29 34 22 34 31 35 41 28 36 39 40 28 41 26 8 8 42 32 41 39 40 41 37 30 33 20
24 33 31 32 11 23 41 29 41 34 28 22 27 29 17 31 32 20 29 30 36 30 32 42 31 38 41 41 30 36 21 14 13 36 29 41 34 40 37 35 25 23 25 16 34 30 30 9 19 36 30 40 31 32 28 28 27 16 42 27 22 29 27 41 40 36 43 25 37 38 42 29 33 20 17 10 31 23 43 36 42 37 38 26 30 24
24 37 37 37 15 41 41 38 43 40 36 41 40 37 31 38 36 31 32 36 43 41 41 43 39 39 42 43 39 42 29 29 22 39 36 43 41 43 40 40 34 39 26 35 36 37 30 17 32 42 40 42 38 38 37 35 40 26 42 39 37 38 34 39 41 40 43 31 43 42 43 40 42 31 23 24 40 37 43 43 43 39 42 32 40 28
27 36 35 29 14 33 40 36 42 38 32 32 29 39 29 37 35 26 30 32 36 37 40 43 32 40 43 42 39 37 23 19 28 43 35 43 39 43 43 39 35 28 30 33 34 35 31 9 28 41 37 39 29 37 34 28 37 24 37 30 31 38 29 37 34 39 43 28 43 42 42 38 41 28 17 30 41 36 43 43 43 43 40 33 36 27
34 36 38 33 12 37 41 39 43 37 37 38 39 38 15 40 35 35 37 39 43 40 39 43 34 40 43 43 40 41 30 33 33 40 39 43 41 43 43 37 33 37 37 32 37 39 32 17 33 42 40 41 41 39 36 40 40 24 41 38 33 37 37 42 39 40 43 33 42 42 42 41 40 32 27 34 41 36 43 42 43 42 41 32 39 23
33 35 39 41 9 38 42 42 43 40 35 36 34 41 22 38 33 31 34 38 38 39 37 42 36 41 42 43 41 42 20 29 31 43 41 42 39 42 42 41 35 36 31 34 40 41 26 7 34 41 41 39 37 39 37 37 38 20 38 39 33 36 30 38 39 39 42 33 42 42 42 41 41 33 34 29 41 38 43 42 43 43 40 37 38 30
23 30 33 33 13 29 39 28 41 40 31 31 37 31 24 36 27 25 33 37 35 36 39 43 29 40 42 42 36 31 23 20 18 33 39 43 36 39 39 41 30 24 22 22 33 36 39 11 18 39 32 37 34 38 30 33 36 14 36 27 30 29 26 34 37 36 43 24 41 42 42 33 34 30 17 18 37 38 43 42 40 41 39 30 35 25
14 37 36 36 17 38 41 35 43 41 35 34 35 38 30 37 34 27 31 36 37 39 38 43 33 39 42 42 38 38 24 27 28 37 36 43 38 41 41 40 35 30 30 22 35 31 35 13 33 42 40 39 37 40 38 41 39 18 35 31 33 36 31 33 37 33 41 29 42 42 42 39 39 35 23 22 42 39 43 42 43 42 41 33 36 27
11 28 35 36 20 36 39 34 39 41 31 29 33 34 23 32 21 22 22 28 32 33 33 43 32 37 42 43 32 37 15 26 17 38 32 43 42 42 42 38 30 34 17 21 32 33 31 15 28 41 28 35 32 34 29 39 30 21 37 22 25 24 28 28 31 33 42 29 39 40 42 35 31 20 28 14 42 38 43 41 42 41 37 36 34 23
18 37 35 35 8 40 42 30 41 41 34 33 34 33 22 34 33 27 31 31 34 35 39 43 27 41 42 42 34 38 23 21 14 40 32 41 40 40 41 39 26 32 25 32 31 36 35 6 33 41 34 40 35 34 23 34 39 14 35 34 33 30 27 36 33 38 43 28 39 38 42 40 40 23 27 19 38 34 42 37 41 40 35 29 33 27
26 34 37 37 22 37 42 39 41 33 36 33 36 34 22 39 30 21 26 37 37 36 39 43 34 38 43 42 39 42 26 22 23 39 36 41 38 39 41 39 26 25 22 29 36 37 25 15 29 42 41 35 35 38 38 39 37 20 38 33 28 27 30 37 34 35 40 24 40 43 42 38 39 31 23 22 37 36 43 40 43 43 41 33 37 19
17 33 39 35 15 38 39 42 43 40 39 37 35 36 28 42 30 32 29 34 40 39 41 43 31 39 43 43 37 38 31 26 23 41 39 43 39 43 42 39 34 35 33 26 37 39 31 20 34 41 38 41 35 41 32 36 37 24 41 29 33 29 25 38 39 42 42 34 39 43 43 41 39 33 30 18 39 37 43 43 42 41 38 37 39 36
14 30 35 39 10 28 42 34 42 39 26 34 33 32 24 35 25 18 26 39 31 35 34 42 24 35 40 42 38 38 23 20 12 35 40 43 39 41 36 42 23 27 28 27 37 31 28 11 19 40 32 40 29 38 26 35 32 14 37 26 22 31 29 39 39 36 40 24 37 41 41 32 38 26 14 21 35 37 43 40 41 39 39 29 33 25
32 32 38 36 7 35 40 35 43 38 33 31 29 36 24 38 34 25 26 39 33 33 35 43 25 35 40 42 41 40 22 24 20 40 39 43 34 40 41 41 26 22 13 33 34 32 31 10 23 41 37 37 33 36 27 40 39 20 37 34 28 32 27 37 33 35 43 24 38 39 42 40 38 27 18 18 38 36 43 37 41 41 38 28 35 23
29 31 36 34 12 36 39 35 41 32 32 27 38 40 11 38 33 31 32 25 33 38 37 42 30 39 40 39 39 37 21 17 23 40 40 42 39 42 42 36 32 31 26 29 33 36 35 4 32 40 33 42 34 36 32 30 40 18 36 26 31 33 33 38 38 37 42 26 39 42 42 40 32 24 10 23 38 40 43 40 42 42 39 35 32 20
31 33 34 38 22 36 43 41 42 41 40 34 39 42 24 35 35 28 34 35 37 31 35 43 30 40 41 43 41 42 29 33 24 42 35 43 39 43 43 41 33 34 26 39 36 32 30 14 27 43 41 42 31 35 32 36 40 26 33 31 37 38 30 38 35 35 43 37 43 42 43 41 42 31 30 31 42 37 43 42 43 42 42 33 35 32
36 29 39 34 9 32 42 40 43 38 34 28 38 38 20 34 33 26 25 31 32 39 32 43 25 39 40 43 41 41 30 26 35 42 38 43 39 43 42 39 34 30 30 34 38 38 29 9 33 42 39 43 34 38 32 32 37 22 31 24 34 34 32 29 41 31 42 28 39 41 41 40 42 27 29 32 41 38 42 41 42 41 40 36 30 27
16 34 37 33 1 33 40 41 43 36 30 22 29 32 17 35 33 23 29 29 33 34 34 43 30 35 40 41 37 36 26 9 19 33 33 42 31 37 36 32 11 20 19 25 35 34 26 5 27 42 29 38 29 35 19 34 27 13 36 35 26 32 20 34 33 35 41 30 39 40 39 35 38 24 21 19 36 34 42 35 41 42 30 11 21 17
27 32 40 30 7 33 39 35 38 39 37 33 30 37 19 37 34 31 28 38 32 37 35 43 27 40 43 43 39 40 20 17 28 38 36 42 37 41 41 36 28 28 19 27 35 35 35 6 30 40 34 41 34 36 32 36 37 18 37 30 29 28 33 38 40 38 42 29 41 42 41 36 38 28 19 26 40 38 43 41 41 42 38 17 29 14
22 34 37 34 11 33 40 38 41 34 41 33 39 36 20 40 30 28 29 34 37 38 37 43 33 41 42 43 36 40 31 19 31 40 35 43 38 42 43 41 33 39 36 28 39 41 33 13 30 41 38 42 36 32 36 31 38 26 37 33 27 31 35 41 40 38 42 27 41 42 43 38 42 23 20 23 41 39 43 39 43 43 40 35 39 26
19 33 36 38 10 29 37 29 42 38 28 27 27 33 29 30 34 22 30 25 34 33 33 43 24 36 39 39 33 28 25 17 20 40 40 42 36 41 42 36 31 28 21 23 36 38 26 6 25 40 31 38 31 26 26 25 34 21 34 33 24 31 19 31 38 31 43 38 41 42 42 37 32 23 14 21 39 38 43 37 41 41 34 26 34 24
13 33 28 28 5 34 40 37 40 37 36 23 34 26 18 35 23 21 26 33 31 37 29 43 32 36 40 43 32 32 22 23 22 38 33 43 36 42 37 31 20 20 12 19 29 33 23 12 32 39 33 38 38 31 20 30 37 20 39 21 21 28 22 30 34 25 42 25 35 42 41 38 32 27 10 18 37 34 43 35 42 41 39 25 27 17
25 32 34 39 14 41 40 41 43 42 30 39 37 41 32 39 32 33 31 38 33 32 34 43 30 39 42 42 40 34 25 22 26 41 34 42 38 43 41 39 28 27 23 27 37 36 26 13 29 40 39 42 31 35 27 33 38 23 42 32 37 35 26 41 41 37 43 29 41 42 43 37 39 28 22 23 41 38 43 42 43 42 41 35 35 27
25 33 34 37 12 33 36 35 42 37 31 37 34 37 21 37 32 27 30 33 34 39 36 43 34 35 40 43 38 40 22 16 23 36 39 42 34 40 40 41 27 25 23 27 39 36 30 9 24 41 27 42 32 41 33 38 28 20 37 34 35 37 27 37 36 37 41 29 42 43 42 35 40 32 4 14 35 39 43 40 42 39 37 29 38 22
17 33 40 30 9 30 40 36 43 34 31 34 39 36 21 36 34 31 27 31 31 38 38 43 27 38 43 43 39 34 20 14 18 41 36 43 37 42 42 40 34 29 27 30 38 36 26 18 32 38 39 38 36 36 29 28 38 25 37 29 28 32 24 33 40 34 42 29 39 42 40 37 37 27 26 14 36 34 43 39 42 41 38 30 36 13
18 32 23 23 5 24 27 36 29 33 21 28 29 29 16 24 24 16 17 24 15 24 25 37 27 28 38 28 26 17 24 14 17 32 36 40 31 38 37 30 13 20 27 6 31 19 32 3 15 23 32 30 23 25 24 28 29 5 32 22 17 32 21 21 37 25 39 28 36 42 30 30 4 22 14 7 40 31 42 39 42 40 25 18 21 20
35 31 39 37 12 37 40 36 42 42 35 34 32 37 24 40 34 25 31 35 38 40 39 43 23 36 42 42 39 40 21 26 28 39 40 43 39 41 42 38 31 24 27 33 38 36 30 9 36 35 37 39 38 36 30 39 39 17 33 38 31 34 32 36 37 34 42 36 42 41 41 41 39 24 15 26 41 38 43 42 43 42 39 31 40 26
19 34 35 40 14 39 42 37 43 42 37 35 32 37 27 38 33 31 32 36 33 38 37 43 29 37 42 43 42 40 21 30 26 40 37 43 41 43 41 40 29 36 26 22 39 37 25 11 30 41 39 42 30 42 32 40 35 23 41 35 36 36 29 39 41 35 43 35 42 43 43 40 40 35 21 19 39 39 43 41 42 40 42 30 38 25
12 28 36 39 9 36 41 35 43 39 34 29 38 33 18 41 34 30 31 33 38 36 40 43 25 38 42 43 42 39 23 25 23 39 41 43 40 43 43 41 25 30 21 23 33 35 33 15 30 36 37 37 36 39 33 38 35 23 36 29 31 27 35 38 38 35 43 32 38 42 43 38 40 24 24 25 41 36 42 39 40 39 40 26 35 23
22 32 35 35 18 31 40 36 42 34 37 31 38 35 23 37 32 32 34 33 41 40 35 43 29 36 42 42 37 42 24 24 22 39 39 43 37 42 42 35 32 32 22 21 30 37 29 15 29 40 36 41 34 34 38 37 38 18 39 31 28 31 27 38 36 39 43 31 38 43 42 36 38 26 27 11 41 43 43 41 43 43 42 35 37 28
27 34 37 33 15 34 41 36 43 39 32 32 40 39 20 39 29 28 31 32 41 38 35 42 34 39 42 41 38 38 30 24 29 37 39 42 40 41 43 38 34 34 23 33 36 36 32 8 27 42 37 41 37 36 34 35 39 18 41 35 30 35 28 39 39 39 43 29 43 43 43 40 41 32 20 30 39 29 43 38 43 42 37 29 37 25
35 35 37 33 16 34 42 39 43 40 29 36 35 37 26 36 34 31 28 38 36 37 34 43 36 39 40 43 40 39 30 25 30 39 36 43 41 42 42 43 28 23 29 37 37 35 35 13 30 43 33 41 38 40 33 34 42 19 37 36 31 37 24 33 41 36 43 30 42 42 43 40 40 29 20 28 42 35 43 42 42 42 42 32 32 28
28 39 37 31 13 26 42 37 42 36 33 35 37 37 23 40 33 28 28 36 35 38 39 43 27 38 41 43 38 36 21 23 20 37 35 43 36 40 38 38 33 22 30 29 32 32 31 8 29 41 35 39 39 42 28 40 38 17 39 29 38 30 32 37 38 37 42 29 42 40 42 36 36 33 13 21 38 35 43 37 42 40 40 30 30 26
30 36 33 35 10 39 39 40 42 42 36 30 33 39 18 33 30 25 30 37 40 41 35 43 29 35 42 42 39 37 19 23 28 40 36 42 39 42 40 42 25 26 24 29 34 37 27 12 39 42 37 42 37 33 28 27 38 21 36 33 36 34 30 38 37 35 43 25 40 41 43 40 38 26 23 29 41 31 42 37 41 39 38 29 29 29
24 33 38 33 8 39 43 38 41 37 32 37 33 39 26 37 29 25 28 34 34 39 37 43 27 35 40 43 42 36 21 31 29 40 35 43 36 42 42 38 33 31 20 28 38 33 23 21 29 40 36 42 34 39 33 40 37 26 42 24 28 32 21 40 38 38 42 36 42 42 43 40 37 31 20 27 37 30 43 40 43 42 37 27 35 15
27 31 34 30 11 35 43 40 43 41 34 33 39 37 28 36 39 27 31 26 32 34 35 43 29 36 39 42 42 41 21 31 32 41 38 43 35 41 41 40 33 28 27 34 32 35 25 13 28 41 38 41 30 39 31 34 41 24 37 33 32 34 23 36 34 38 43 24 41 41 43 39 42 31 21 30 40 38 43 39 42 42 40 35 32 30
22 35 30 26 7 40 41 41 41 33 35 24 36 42 17 36 34 29 32 20 33 36 34 43 26 36 41 43 39 35 23 25 22 40 34 43 35 42 41 38 26 25 26 28 32 30 27 14 30 40 39 40 33 36 22 29 40 19 33 33 30 32 19 34 37 35 43 28 38 40 42 37 39 28 23 25 39 35 43 36 41 41 39 24 33 21
29 31 36 38 14 34 40 38 42 37 35 34 38 37 27 37 32 35 30 36 35 37 38 43 25 39 39 43 37 39 24 22 31 39 41 42 39 42 42 37 27 31 26 29 34 27 28 3 34 42 43 37 35 36 33 38 42 20 43 24 32 33 35 42 38 39 42 25 39 42 41 40 40 26 13 30 42 38 43 40 42 40 38 33 41 36
24 31 37 35 8 33 39 33 41 38 36 32 35 35 25 37 32 37 33 36 40 39 38 43 35 42 43 43 40 42 30 30 20 39 39 41 39 41 41 38 23 28 20 19 37 34 34 8 31 42 37 43 40 39 31 39 35 32 38 31 34 30 35 38 33 39 43 32 41 43 43 36 40 32 17 17 41 37 42 38 42 40 40 33 37 18
31 37 36 30 21 35 41 39 42 40 32 30 24 34 24 36 34 33 31 33 36 40 38 43 29 40 43 42 40 39 26 35 31 41 35 43 35 41 42 37 32 31 22 30 37 42 28 12 33 40 33 43 37 35 34 35 37 25 42 34 32 32 28 36 39 37 43 29 43 42 42 40 41 34 11 25 38 32 43 39 42 41 40 32 34 32
25 36 38 36 16 38 42 41 42 40 34 31 34 40 21 38 32 31 28 30 35 37 38 43 36 36 41 43 40 38 24 25 33 41 34 43 39 42 40 40 26 24 25 35 37 35 31 10 31 42 35 37 38 35 37 35 39 24 41 31 33 35 25 40 41 39 43 29 41 41 42 38 40 26 17 24 41 34 43 41 42 41 40 30 36 21
21 23 30 28 9 34 38 36 40 33 29 25 29 26 23 31 23 18 25 29 34 36 28 43 26 32 36 43 30 29 20 26 6 38 27 42 27 40 40 37 31 23 26 23 33 27 26 9 19 34 30 40 22 30 23 32 27 20 40 19 23 28 26 33 38 35 42 26 34 42 41 33 14 27 9 24 40 22 43 32 41 40 36 26 29 32
24 30 33 31 7 35 41 39 41 40 28 29 38 35 20 37 31 23 27 28 36 37 37 42 30 35 39 43 35 34 25 29 14 39 31 43 40 43 42 38 27 39 21 24 36 32 20 7 31 42 37 37 25 40 22 37 37 20 38 34 32 34 18 32 36 36 43 34 39 42 42 40 32 30 17 16 42 38 42 37 42 39 38 33 34 29
24 28 33 34 8 29 41 34 43 40 32 35 34 37 19 38 28 22 25 34 26 37 37 43 22 33 37 42 34 39 16 21 23 40 37 43 33 39 39 40 31 23 29 24 37 36 17 9 21 38 34 38 27 36 26 30 37 13 39 34 27 29 21 38 40 41 40 28 38 40 41 36 39 21 13 26 41 39 43 39 42 39 39 26 31 29
19 28 30 20 8 28 36 30 41 25 29 33 28 31 18 30 27 23 33 24 24 35 30 42 24 36 38 40 38 35 25 19 19 41 36 43 36 40 40 37 22 21 16 20 31 32 25 5 28 37 32 38 27 31 26 33 36 14 39 24 28 28 25 27 38 26 42 25 40 41 42 31 30 30 12 16 34 34 43 36 41 37 39 12 25 18
20 33 28 36 6 27 36 32 37 34 32 32 35 28 23 42 28 24 25 31 39 40 39 42 29 38 41 40 32 34 23 24 27 38 35 42 39 39 39 39 29 24 19 34 30 28 38 7 29 42 35 40 36 30 26 22 37 20 40 17 23 31 35 38 39 38 41 20 38 42 41 38 37 19 17 28 38 36 43 36 41 37 35 33 25 20
31 31 38 40 9 35 39 38 42 39 32 35 38 40 30 40 33 29 29 35 39 37 40 42 29 40 42 42 41 42 24 23 30 37 41 43 39 41 41 41 34 32 29 34 35 41 33 2 32 42 39 42 35 40 34 39 39 24 35 36 37 40 32 36 37 40 43 29 42 42 42 40 39 35 17 22 41 40 43 40 42 40 37 30 35 29
37 31 36 39 14 42 42 42 43 42 40 36 39 41 27 41 32 33 34 38 38 41 37 43 31 42 43 43 42 41 28 22 25 43 38 43 38 43 43 41 27 24 29 38 36 37 29 12 38 41 40 40 37 40 33 35 41 26 38 37 38 35 28 38 38 41 42 27 39 42 42 41 40 35 31 30 42 37 43 41 42 42 40 35 38 29
26 30 36 33 15 25 39 40 43 35 36 32 27 39 30 39 34 28 37 32 37 34 39 43 29 40 39 43 41 41 20 19 29 41 35 43 36 43 42 37 24 27 32 23 36 34 30 13 28 41 32 41 31 39 33 34 40 27 38 29 41 37 32 35 36 36 43 31 43 43 43 40 27 34 18 29 39 34 43 41 42 43 35 24 23 29
25 30 33 32 23 33 41 33 43 36 33 31 37 30 22 38 33 29 35 25 38 39 38 43 31 38 43 42 38 42 29 24 26 40 30 42 37 43 43 39 26 24 22 22 33 38 25 21 26 40 34 41 30 28 28 38 40 24 41 36 26 36 22 41 35 39 43 30 40 43 43 38 42 26 30 16 37 32 43 41 42 43 42 23 39 22
11 30 35 30 4 33 41 35 43 37 31 30 33 37 25 41 33 31 32 26 41 40 41 43 35 41 42 43 39 37 26 16 23 37 30 43 37 42 41 40 21 21 24 31 32 33 31 7 28 42 33 37 31 37 32 35 41 24 40 27 31 29 22 33 34 38 42 30 41 40 42 40 42 30 23 19 38 34 43 35 41 39 37 29 24 24
17 30 33 22 12 23 37 36 40 34 32 29 29 38 23 38 31 26 28 29 35 39 35 43 24 36 38 43 33 31 20 13 10 35 39 43 31 38 39 36 13 24 13 21 33 35 24 15 23 35 29 40 27 28 26 32 27 17 40 28 23 27 21 36 33 34 43 32 35 42 42 28 34 26 14 16 36 35 43 35 37 40 38 26 26 16
22 27 37 36 11 32 39 33 40 38 31 34 33 35 23 38 28 24 27 30 36 31 34 43 29 36 41 42 34 35 25 13 16 30 30 43 37 39 36 41 25 29 20 26 29 38 23 9 18 41 28 36 28 36 25 30 33 13 40 29 29 29 20 41 39 40 43 28 39 40 43 38 38 28 21 25 35 31 43 38 40 39 36 30 30 18
9 30 30 26 0 28 36 25 37 24 25 25 26 19 12 33 24 24 29 28 28 31 26 42 26 34 38 39 27 21 20 5 6 29 30 41 33 38 34 34 23 22 10 15 33 26 14 1 13 32 26 35 23 28 16 29 26 11 36 29 28 31 16 24 32 26 41 25 36 40 36 27 27 21 7 10 36 32 39 36 37 31 35 14 32 15
31 32 40 39 15 27 41 36 42 37 34 37 35 39 22 42 36 33 36 40 35 37 39 43 28 41 43 42 41 36 27 29 26 42 28 43 38 41 41 42 24 27 25 31 36 40 29 13 30 39 37 42 38 38 28 37 39 19 38 34 35 42 28 42 39 36 43 36 41 41 43 40 40 28 19 23 39 34 43 40 41 39 41 30 39 22
28 27 37 31 1 32 42 39 42 39 29 19 33 32 9 33 27 23 26 28 31 37 37 42 24 31 40 41 38 33 24 12 23 38 33 41 31 39 40 34 18 24 22 27 38 36 31 1 29 41 28 41 33 30 16 25 29 9 33 27 30 32 20 36 38 35 42 26 37 42 42 37 36 24 12 21 40 37 41 34 40 37 29 25 26 17
29 32 35 32 14 33 39 39 43 41 33 32 33 37 28 39 33 29 35 32 36 39 36 43 30 40 42 43 40 34 24 19 31 42 38 43 38 42 41 38 36 30 30 35 35 36 36 13 24 43 39 40 36 39 35 35 40 25 38 32 35 34 30 40 38 38 43 30 38 40 42 39 37 24 23 30 41 34 43 36 43 41 41 33 26 23
15 35 36 29 5 30 40 34 40 38 28 27 31 29 19 33 33 29 32 29 32 34 33 42 29 36 41 43 33 31 31 21 26 40 33 42 37 40 40 39 25 22 19 27 31 36 27 3 23 39 31 41 26 33 22 33 31 13 33 32 34 34 23 32 32 34 43 32 39 42 42 38 39 35 10 27 40 34 42 41 42 42 35 20 28 20
13 31 29 30 6 20 33 30 43 32 23 28 26 32 19 32 27 23 25 34 28 35 30 42 26 34 39 41 34 20 24 21 22 37 31 42 34 41 37 37 25 20 20 13 35 30 29 8 16 36 28 38 28 34 26 35 29 18 36 27 21 34 20 26 36 29 42 23 38 42 41 28 26 22 10 12 40 31 42 35 41 40 39 27 26 19
2 27 35 29 8 30 31 27 35 36 27 33 23 22 20 40 21 16 21 36 39 39 39 41 25 36 40 41 32 17 14 18 15 34 28 42 34 39 35 37 17 21 17 11 35 26 22 10 24 20 30 33 30 42 30 30 27 20 39 22 28 27 31 28 38 31 39 24 41 41 36 26 16 15 19 21 38 29 38 36 38 27 33 16 32 20
24 31 31 25 1 20 37 33 43 35 33 28 25 31 4 35 30 30 29 23 32 32 32 43 28 36 36 39 37 37 21 7 22 38 31 40 36 40 39 34 11 21 16 24 33 33 20 4 20 35 28 38 26 30 19 34 33 10 34 26 28 31 18 30 37 33 42 31 39 40 40 34 30 28 9 25 37 30 41 34 40 39 25 23 26 19
27 33 37 28 13 32 38 33 43 33 31 27 34 37 20 37 32 23 24 32 32 37 38 41 23 31 41 42 39 34 17 24 17 40 37 43 38 42 39 38 30 25 28 30 32 36 27 4 25 37 30 41 29 37 30 31 36 13 35 30 28 35 24 37 35 38 41 19 36 37 40 38 38 28 22 26 40 35 42 39 43 42 38 26 33 27
37 29 35 30 7 28 42 34 43 39 34 40 33 33 21 38 33 28 30 34 34 37 32 43 24 38 41 42 41 39 22 14 26 40 37 43 39 42 41 38 20 28 23 28 35 38 33 12 30 42 36 35 31 34 29 40 38 18 33 30 28 32 23 31 32 32 43 29 41 42 42 39 34 26 28 24 40 39 42 36 41 40 39 31 35 21
24 34 38 37 12 33 42 41 42 41 35 35 35 41 19 41 30 34 32 38 36 37 41 43 35 39 41 42 40 42 21 22 30 42 39 43 39 42 42 40 34 34 31 30 35 41 32 11 34 41 36 42 36 39 29 38 38 16 39 33 36 36 27 40 40 38 42 30 40 43 41 38 40 28 31 28 40 39 43 43 42 41 39 31 40 33
26 32 34 35 10 22 41 33 41 38 37 36 36 40 25 37 33 33 32 33 39 36 37 43 32 39 38 42 39 40 29 23 28 41 37 42 36 41 42 42 33 32 26 31 35 36 36 1 23 41 34 39 35 34 25 40 39 16 39 30 31 38 27 39 37 40 42 29 42 43 42 42 42 33 14 21 42 40 43 42 43 42 40 32 40 31
16 33 35 32 14 28 39 36 42 34 30 21 37 29 20 34 30 28 25 23 33 37 32 43 31 37 40 38 32 34 26 18 15 40 37 43 34 41 38 37 31 27 16 19 31 36 29 9 27 42 37 40 32 33 20 30 31 24 33 28 28 29 21 29 33 35 43 25 39 41 43 34 40 26 20 15 39 36 43 36 40 36 40 27 27 20
12 33 36 27 19 32 40 36 40 37 28 27 41 33 19 39 28 26 30 32 36 38 39 43 34 38 42 42 36 25 22 20 10 39 31 43 38 40 40 39 21 32 25 31 31 38 24 12 28 39 34 35 32 37 25 33 38 17 33 33 28 33 16 30 28 33 42 28 38 43 41 38 32 25 22 16 37 37 43 39 43 41 37 31 35 32
20 36 37 34 14 33 40 35 41 38 27 30 28 36 13 34 34 33 31 24 34 35 36 43 30 36 39 41 38 40 20 20 24 39 38 43 36 42 39 42 20 24 18 27 34 33 31 17 27 41 34 42 38 37 17 26 38 19 35 31 30 35 22 31 40 35 42 25 36 38 42 40 39 19 21 34 40 31 43 36 42 39 38 27 22 21
18 31 35 30 8 23 39 32 41 33 37 34 24 40 19 34 29 25 27 32 34 34 31 43 25 39 38 42 34 39 19 20 20 37 37 42 36 42 39 39 27 32 21 27 36 36 26 5 21 39 33 36 24 31 29 33 32 18 37 33 22 33 22 36 40 35 42 25 38 43 42 37 41 23 22 22 39 37 43 40 41 40 33 24 27 18
24 34 36 32 4 30 40 35 38 38 31 31 27 38 17 32 32 30 33 32 36 33 35 41 27 41 42 39 42 36 24 18 23 43 40 43 38 43 42 41 34 35 27 29 34 33 37 7 25 42 35 39 34 28 27 27 37 16 37 36 35 32 27 36 40 36 40 25 40 40 39 38 37 28 19 25 40 41 43 40 41 40 38 29 35 30
28 34 36 25 1 26 41 38 41 35 25 24 29 37 12 31 32 26 32 25 30 32 33 40 26 37 40 40 35 39 22 9 27 37 35 41 35 38 37 37 23 23 19 26 36 32 19 0 25 40 32 39 29 28 15 37 36 3 39 27 25 32 17 37 37 38 42 34 34 40 40 33 38 33 10 23 39 30 40 38 40 38 36 24 28 24
17 34 34 40 5 33 42 38 40 39 41 37 38 40 27 36 33 35 37 38 36 34 34 42 38 41 42 42 41 35 33 18 25 41 36 43 41 42 41 40 25 32 23 31 37 37 39 5 32 42 39 41 38 35 32 33 38 24 34 37 32 35 35 35 38 39 42 29 41 41 42 40 37 35 28 21 41 39 43 42 42 40 40 27 31 20
26 37 41 36 13 39 41 42 42 42 36 36 33 41 24 39 39 36 36 40 40 40 40 43 30 42 43 42 39 39 26 27 24 41 39 43 38 43 42 40 32 30 29 34 31 41 31 18 36 43 42 40 38 40 39 37 42 23 38 35 34 36 35 39 38 38 43 25 41 43 43 37 36 28 29 25 40 40 43 43 42 40 42 35 38 30
26 26 35 35 6 31 41 34 42 35 33 40 29 41 17 38 31 32 30 41 36 38 39 42 32 38 42 41 38 38 26 21 25 43 41 43 36 43 42 42 32 36 28 28 36 35 32 8 33 42 38 41 33 37 34 40 37 24 36 29 28 31 29 33 36 36 42 27 38 41 43 39 35 29 27 22 40 39 43 40 41 40 40 34 42 27
10 34 28 13 1 14 35 19 30 24 29 10 31 19 1 28 27 26 32 12 24 28 28 40 31 33 37 35 21 24 20 6 9 31 31 35 32 32 32 25 9 20 13 5 36 35 10 0 7 30 18 25 20 32 20 37 14 2 32 26 24 23 6 26 27 36 39 36 34 41 39 16 23 24 0 4 28 36 37 33 35 32 29 7 23 12
26 26 35 30 8 32 41 37 41 35 34 35 39 40 21 35 37 27 26 29 35 35 36 42 29 42 40 42 36 38 29 21 20 42 39 42 40 43 42 40 33 35 23 33 31 33 29 3 24 41 36 40 30 41 35 35 37 17 38 29 31 36 31 41 28 38 43 32 42 39 42 37 41 35 16 26 40 36 42 42 43 42 35 29 38 21
31 36 37 38 17 38 42 40 43 42 39 37 39 40 30 39 37 33 40 39 40 41 41 43 34 40 42 41 41 41 35 23 25 41 39 43 43 43 42 42 36 37 28 37 41 42 39 14 37 42 42 40 41 42 32 38 42 26 40 36 36 39 33 40 40 39 43 32 42 43 41 42 41 24 18 30 41 40 43 42 43 43 42 39 40 31
1 32 28 33 6 28 33 22 39 28 20 27 23 18 20 34 17 21 22 24 29 32 30 43 27 36 40 39 17 18 20 7 8 38 37 41 28 39 38 29 20 27 16 13 34 25 30 8 25 30 24 27 25 23 24 30 25 21 23 20 20 22 22 20 28 25 37 31 37 41 34 25 20 21 15 7 38 37 41 36 39 38 31 17 31 15
23 28 32 35 19 33 40 33 40 36 30 28 32 33 25 37 27 23 26 30 35 36 36 42 32 35 40 42 37 38 23 18 21 39 41 43 36 42 43 34 30 31 28 23 33 33 29 16 29 42 31 42 36 35 32 28 30 21 33 27 21 25 30 38 35 39 43 24 37 42 42 33 37 26 21 13 38 43 43 40 43 43 38 31 39 28
26 33 33 37 29 40 43 39 41 42 42 32 37 39 31 37 31 35 36 36 36 41 36 43 35 41 41 42 37 43 27 35 25 42 40 42 41 43 43 41 37 38 24 35 35 39 36 11 39 43 43 43 36 37 35 36 41 27 39 31 34 34 34 38 39 36 43 32 41 43 43 39 41 27 31 29 43 40 43 41 43 43 41 37 38 33
26 32 38 29 7 29 39 35 39 33 34 26 29 33 15 32 31 31 30 25 31 39 38 42 35 38 41 41 36 37 26 23 22 40 33 41 35 37 34 32 24 26 17 34 34 39 29 3 20 41 37 42 36 30 28 31 37 16 38 32 29 34 22 38 39 40 43 22 40 42 43 40 40 27 9 26 36 31 42 34 41 35 32 8 26 15
14 32 33 32 2 19 36 33 38 34 32 21 24 29 15 36 29 25 28 26 29 31 33 41 23 33 38 39 33 32 19 23 22 38 31 42 32 41 38 37 30 18 19 26 37 32 30 1 19 40 29 40 30 27 21 27 32 14 34 24 20 19 26 30 37 33 43 27 33 40 41 33 35 16 9 18 39 34 42 33 40 38 36 30 23 22
28 32 37 31 18 39 42 40 39 38 32 34 31 41 15 34 29 37 30 34 35 38 36 43 29 38 40 42 40 35 30 23 18 41 42 42 40 43 42 35 35 31 24 27 36 35 34 8 34 42 40 40 32 35 33 38 39 31 34 26 32 33 26 34 38 35 42 27 40 40 43 33 38 33 34 18 41 38 43 41 43 42 37 29 33 26
16 35 37 39 17 36 41 40 41 41 34 35 38 37 19 38 34 31 35 35 40 38 39 43 32 39 41 43 40 35 28 33 28 41 38 43 41 43 41 41 32 38 28 32 38 38 35 20 36 43 37 40 41 40 30 39 40 23 34 32 33 33 30 35 36 37 43 34 40 43 43 41 41 28 36 23 39 38 43 42 42 41 40 33 36 16
22 33 35 29 11 26 40 35 40 32 31 27 22 32 22 35 32 20 24 30 38 35 35 43 37 37 42 41 36 34 25 18 18 40 36 43 37 41 38 35 30 33 22 24 31 36 28 11 26 41 37 38 32 38 30 35 33 18 36 28 25 25 27 30 37 32 42 25 38 42 42 34 27 22 13 16 39 40 43 39 40 39 41 32 38 22
29 33 38 35 25 38 41 39 43 42 39 37 36 37 36 38 37 34 32 42 39 36 37 43 27 41 43 43 39 41 26 34 23 43 38 43 39 43 43 40 31 36 23 29 39 40 39 18 31 40 37 43 39 41 34 35 40 30 42 37 30 35 35 37 39 39 43 30 42 43 42 39 41 29 25 22 40 37 43 43 43 43 42 30 41 35
28 30 36 37 1 34 40 32 41 36 36 39 36 36 14 36 34 35 32 38 37 36 36 41 29 40 42 40 36 38 24 20 20 40 40 43 39 42 40 37 27 27 25 33 37 40 38 4 34 41 33 41 36 35 34 31 36 17 39 33 32 33 28 35 37 39 42 25 39 41 41 38 40 18 16 24 39 39 42 37 42 40 37 30 33 21
24 33 34 36 10 34 42 36 40 38 39 34 36 38 17 35 33 34 36 35 37 40 37 42 35 40 43 42 39 40 30 23 23 40 34 42 39 42 41 37 16 28 24 39 35 37 32 3 30 43 38 38 35 37 35 34 40 20 36 31 31 34 31 34 37 36 42 30 40 42 43 39 40 23 23 28 39 38 42 39 42 41 39 22 36 24
25 33 34 31 24 37 41 38 43 28 36 29 36 34 16 33 32 31 30 35 36 31 38 43 32 42 42 40 40 38 24 18 23 41 39 43 40 40 38 35 25 29 18 34 33 34 27 22 33 41 39 39 31 31 28 32 37 17 35 34 27 32 25 32 38 38 41 30 39 42 42 41 39 27 21 19 36 38 42 40 43 40 38 32 31 21
18 34 36 38 11 38 40 37 42 39 36 37 33 36 23 35 32 33 29 39 35 34 37 42 25 39 39 42 38 34 25 24 16 37 35 43 37 40 37 37 27 26 22 26 35 38 21 6 22 39 34 40 34 39 27 40 37 15 38 28 36 35 21 34 38 34 43 38 42 42 42 38 39 40 14 22 40 38 43 40 40 38 40 28 36 17
26 31 36 40 14 36 40 37 41 38 33 37 38 34 32 36 32 28 31 35 34 36 35 43 29 37 42 42 39 38 20 23 22 40 38 42 41 43 42 42 28 34 28 32 32 38 30 6 26 43 35 40 29 39 29 32 37 19 42 33 32 36 27 40 39 40 43 29 39 42 43 39 40 26 21 30 41 35 43 41 43 43 40 32 37 30
27 30 33 35 4 33 37 37 43 36 38 30 32 36 16 39 34 25 32 37 34 39 34 43 28 36 40 42 39 38 25 21 25 39 40 43 32 40 40 37 31 23 32 35 31 35 29 10 33 41 36 38 35 36 28 25 39 16 39 25 26 28 30 40 37 38 42 25 36 40 40 38 42 22 25 28 40 35 43 38 41 39 40 35 26 30
31 28 36 33 26 33 42 41 41 40 41 36 41 41 18 41 36 33 38 33 40 38 39 43 35 42 42 43 42 40 22 34 25 40 41 43 42 43 40 41 39 35 35 29 36 34 30 17 38 42 41 41 37 40 33 41 41 27 40 33 36 32 31 34 38 39 43 35 39 43 42 42 41 39 27 28 42 36 43 43 42 42 42 40 40 34
14 33 35 34 13 34 37 32 42 38 39 30 34 31 22 40 31 29 33 34 36 37 40 43 28 39 43 42 33 39 20 23 12 38 41 41 39 40 38 38 28 20 19 13 36 33 30 13 35 41 34 41 36 38 28 32 35 24 39 28 26 27 31 37 39 34 42 26 40 43 41 33 36 30 21 14 38 37 43 38 39 40 39 28 32 22
23 31 34 29 4 25 40 35 41 37 38 30 37 30 4 30 28 23 25 19 27 34 32 42 33 38 42 43 31 34 25 20 22 37 36 42 38 41 39 32 22 29 14 27 36 34 25 12 29 39 31 39 28 28 25 25 33 10 31 30 28 33 28 27 36 35 42 25 37 37 41 37 36 22 14 13 38 36 41 33 42 37 35 32 25 24
26 34 39 36 9 38 41 41 42 39 30 32 26 34 21 34 35 22 27 33 34 39 37 43 29 37 42 43 37 39 24 18 22 38 34 42 33 41 41 42 24 29 28 19 37 37 33 11 30 42 31 40 32 34 25 36 30 14 37 33 30 37 22 36 40 34 43 35 41 42 42 37 33 31 21 22 40 27 43 39 43 39 38 34 34 31
10 26 34 35 14 31 41 31 43 36 31 32 33 28 19 35 25 25 27 31 31 34 35 43 29 37 39 42 35 33 25 25 11 39 35 43 35 40 41 40 23 33 15 21 32 31 30 9 25 43 31 41 35 32 25 32 29 19 37 31 29 34 24 33 34 37 43 24 38 41 43 30 40 29 16 12 39 35 42 38 39 40 36 27 30 14
18 31 40 34 9 29 40 40 43 39 36 36 37 34 20 35 33 25 32 34 36 37 38 43 30 39 42 43 36 39 26 15 30 39 39 43 40 39 39 41 26 28 29 31 38 40 28 14 29 41 33 41 37 36 35 32 33 21 35 33 30 34 34 32 37 34 43 31 41 43 42 35 39 29 25 24 42 39 42 39 41 39 35 25 26 24
33 34 34 35 8 32 41 34 38 32 33 26 34 32 5 37 27 28 30 23 37 37 38 42 37 38 41 40 35 39 25 21 23 35 34 43 33 37 41 38 24 29 25 22 34 33 29 10 22 41 37 41 37 34 33 34 33 19 35 28 27 27 25 37 38 39 43 26 37 40 42 31 37 20 18 19 39 33 42 38 42 41 39 23 37 26
10 28 34 29 4 26 36 34 41 31 32 23 28 38 12 37 25 20 28 24 35 35 38 43 33 31 38 42 36 36 18 18 19 40 41 43 36 41 41 39 24 31 32 19 30 33 30 10 31 41 32 39 28 33 26 32 28 12 39 28 26 31 24 35 32 35 43 27 34 40 41 29 32 25 19 18 37 38 43 38 41 37 36 20 35 23
16 29 35 35 10 28 40 27 42 32 27 31 33 30 22 31 31 21 24 29 33 33 32 43 31 37 40 42 28 38 24 14 10 32 27 42 34 37 39 39 25 21 20 22 33 41 23 4 25 39 30 36 24 33 29 30 30 11 41 30 24 28 21 34 39 35 41 25 39 43 43 29 38 24 15 13 35 34 42 33 39 38 36 23 21 21
25 33 38 38 19 38 40 35 41 41 42 37 41 37 24 39 33 36 32 42 39 38 38 42 35 41 42 43 39 42 36 23 23 39 39 42 42 40 39 40 26 33 17 36 39 39 31 8 40 43 41 42 39 39 35 37 37 24 40 37 35 35 34 36 43 38 42 36 40 43 43 37 39 29 24 17 38 34 43 42 43 41 42 29 38 21
27 32 36 40 9 38 39 35 43 35 34 36 30 35 26 37 34 27 29 27 35 36 37 43 30 37 41 42 38 34 18 21 25 39 34 42 38 41 40 38 26 30 28 26 30 37 35 6 32 40 34 39 38 31 34 30 37 20 37 29 29 28 28 37 35 37 43 28 39 41 41 36 42 22 20 22 40 38 43 42 42 42 41 29 36 26
19 33 32 29 12 35 40 39 41 38 36 35 35 33 18 37 30 24 22 31 34 35 36 43 26 38 40 43 35 36 21 28 23 37 35 43 35 40 39 41 33 22 21 31 37 30 20 12 30 41 34 41 36 38 30 35 35 20 41 22 24 27 21 31 41 34 42 32 38 42 43 37 36 22 22 25 39 37 43 38 41 39 39 31 32 14
21 40 33 33 14 41 41 37 43 39 34 30 33 37 23 34 30 27 37 37 36 40 35 43 29 41 43 43 38 37 20 27 32 39 40 43 38 43 43 36 30 27 20 29 35 34 33 18 35 42 35 43 35 34 32 30 37 27 40 33 28 36 33 34 38 34 43 32 40 42 43 38 42 26 25 20 41 38 42 36 42 41 40 26 30 25
24 25 35 37 3 37 41 41 41 41 33 31 39 41 24 35 27 36 27 33 29 37 35 43 32 36 42 43 41 36 26 24 28 42 38 43 38 43 42 41 33 34 29 31 36 33 32 11 29 41 38 40 36 40 31 35 38 24 39 27 35 32 25 33 35 35 42 29 39 41 42 42 32 31 28 24 40 39 43 40 42 43 38 31 39 25
18 34 37 28 16 36 43 29 42 37 33 35 38 35 25 41 39 26 32 28 40 39 39 43 32 39 43 43 38 35 30 20 21 36 32 43 39 41 39 37 21 29 21 21 37 40 28 12 31 41 32 39 34 35 34 33 33 22 41 35 28 37 23 36 37 40 43 29 39 43 43 38 37 29 18 22 40 34 43 38 41 41 39 18 37 31
17 31 32 25 6 27 42 31 41 33 34 26 36 32 12 39 31 22 30 21 30 35 37 43 36 40 39 42 33 38 24 14 16 38 39 42 35 39 34 39 23 27 18 19 32 35 20 5 29 42 37 39 28 32 25 30 30 24 32 26 22 24 23 32 36 32 41 26 36 39 41 28 34 22 23 10 37 40 43 42 40 39 38 32 38 26
30 35 35 29 4 32 39 39 42 37 31 30 32 39 13 36 30 28 33 25 35 39 38 43 29 39 40 42 40 38 20 29 19 40 37 42 37 41 39 39 29 25 26 35 39 35 31 2 25 40 39 38 34 39 28 35 42 19 33 31 27 31 23 33 34 38 42 33 33 40 42 39 34 22 10 22 39 37 43 40 42 39 37 34 35 31
21 33 38 32 31 40 39 39 41 38 32 34 40 38 25 39 35 32 29 33 38 40 41 42 33 39 38 43 38 42 25 32 19 43 32 43 38 42 41 41 37 36 26 35 33 41 29 18 36 41 37 39 37 40 33 38 36 20 37 34 29 36 27 42 38 40 43 29 41 40 43 39 41 31 33 16 40 32 43 42 42 40 40 37 39 31
31 30 39 34 9 29 36 35 43 39 31 26 34 39 25 35 40 21 31 31 37 37 37 41 33 36 38 40 39 39 14 20 33 39 36 42 39 42 40 39 36 34 33 37 37 34 36 4 24 42 36 37 37 38 27 33 39 16 38 35 27 34 32 34 40 40 41 25 35 41 42 40 40 19 20 28 41 34 42 40 42 41 39 32 38 25
22 31 38 28 7 33 42 39 42 33 37 22 37 35 11 32 31 25 28 28 31 39 32 43 30 34 41 43 34 39 22 25 19 36 37 43 37 39 37 36 20 30 18 20 30 39 24 7 25 41 37 39 35 35 21 31 36 12 36 31 27 33 27 34 37 36 43 25 35 40 42 37 36 25 21 17 38 36 43 37 41 39 39 27 32 20
13 28 32 28 15 32 38 28 39 32 39 30 40 27 20 36 27 24 24 31 36 34 34 42 30 38 42 43 31 36 21 22 12 37 36 43 38 42 38 38 30 30 13 19 32 35 34 16 24 42 33 40 36 37 24 36 30 21 31 26 24 26 26 28 25 31 41 23 36 41 41 33 37 35 13 15 32 41 43 40 42 40 33 28 35 24
12 33 39 33 12 36 37 36 40 34 38 31 36 33 15 38 33 34 30 34 38 36 39 43 31 39 42 42 35 41 28 26 21 39 39 42 40 41 42 39 35 34 25 28 35 37 31 10 34 43 41 38 34 39 37 33 40 20 34 29 31 31 37 31 35 37 42 28 40 42 43 37 35 32 21 17 36 38 43 41 41 40 39 33 38 20
30 35 36 35 13 35 40 40 43 35 39 31 37 35 28 35 34 28 29 35 35 38 38 43 34 42 40 43 37 36 30 25 22 42 35 43 38 41 43 39 31 30 23 25 33 40 36 14 31 43 39 40 37 39 33 30 34 26 42 30 27 25 29 39 39 42 43 31 40 42 43 39 37 29 20 24 42 35 42 40 43 42 41 34 34 27
18 36 37 38 19 38 40 39 43 41 36 30 34 38 22 36 29 30 30 31 34 38 37 43 29 38 40 43 40 39 29 35 22 42 29 43 38 42 43 40 31 32 29 26 37 41 30 18 37 42 36 42 37 38 24 37 42 15 35 29 33 35 24 33 41 31 43 30 40 43 43 43 38 24 30 29 40 36 43 39 43 43 39 29 32 31
28 32 31 23 4 24 40 37 43 34 34 27 35 36 12 37 28 29 28 23 34 39 35 43 25 33 36 40 34 35 20 17 22 39 32 42 38 42 42 39 26 24 19 28 34 31 23 17 26 39 33 37 31 32 15 30 36 14 34 28 29 30 17 33 31 34 42 24 40 41 40 33 39 26 19 19 38 39 42 35 41 38 37 33 28 25
22 29 30 35 5 31 42 40 40 35 36 31 34 38 25 38 32 26 31 24 36 32 32 43 31 40 41 43 36 40 24 18 20 37 30 42 33 38 41 40 24 25 23 27 38 39 32 5 25 41 37 38 31 35 33 35 36 15 38 22 31 30 28 40 35 35 43 32 39 40 42 35 36 29 17 17 38 31 43 36 43 35 39 26 27 19
26 33 41 32 5 32 42 33 41 34 32 32 36 36 11 41 39 32 34 34 40 42 40 43 33 40 42 43 38 42 26 15 24 36 33 43 37 41 42 42 31 29 17 22 36 35 31 21 23 41 35 41 33 37 35 37 39 15 42 30 33 32 32 35 36 37 42 31 39 42 42 38 37 36 27 23 39 30 43 39 40 36 39 33 29 22
16 35 40 39 10 36 38 34 39 38 33 32 40 28 28 36 32 22 27 37 39 38 41 42 30 38 42 41 34 33 30 18 24 39 39 43 41 42 39 40 26 36 28 29 36 33 35 20 30 39 37 41 35 36 36 28 37 19 40 32 22 27 28 38 37 40 42 25 37 42 41 35 38 18 25 22 41 37 43 42 41 41 39 30 37 32
27 34 38 39 12 33 40 39 43 36 34 29 36 40 21 40 35 33 27 28 39 37 37 43 28 39 42 42 42 37 21 20 33 42 39 43 39 42 42 41 23 26 22 31 30 32 33 16 34 40 36 39 37 35 28 31 39 29 39 27 35 30 29 37 35 38 42 25 39 40 43 40 40 25 24 29 41 39 43 40 41 41 40 33 31 27
31 31 37 38 8 33 43 40 41 41 35 27 37 36 15 37 38 30 34 30 40 39 39 42 29 39 43 42 41 41 23 25 30 40 31 43 37 42 40 37 26 35 21 29 38 32 32 13 32 41 36 41 38 39 36 29 39 28 38 31 34 35 31 34 31 36 42 26 39 42 43 38 37 27 22 28 41 34 43 41 41 40 42 31 31 26
29 32 38 34 8 38 41 41 42 41 37 27 34 41 21 36 36 28 32 34 36 40 37 43 27 41 42 43 41 39 24 25 28 41 30 43 39 41 40 40 30 31 22 32 39 34 25 3 34 42 41 42 36 38 27 38 40 19 32 36 33 38 23 33 33 30 43 33 42 42 42 40 37 33 28 30 41 36 42 40 42 41 36 32 35 30
10 31 36 28 7 32 42 33 37 38 37 30 40 29 23 34 30 29 34 27 31 34 33 43 34 41 40 42 36 36 27 16 18 35 32 43 38 38 38 38 21 31 18 20 35 32 25 6 31 42 37 38 42 36 25 32 36 18 33 31 25 29 25 31 30 36 43 27 39 41 42 37 39 27 20 13 37 30 42 39 40 39 39 30 32 19
28 33 36 31 8 37 41 38 43 38 38 35 35 38 21 39 35 35 30 32 41 39 41 43 33 39 41 43 40 42 25 28 25 42 39 43 41 43 42 42 30 28 26 35 37 38 32 18 37 41 40 41 40 38 32 34 40 26 38 29 35 33 29 41 40 41 43 27 35 42 41 40 39 28 27 26 40 36 43 37 41 41 40 33 28 25
37 34 35 34 11 34 42 40 41 40 38 30 35 39 24 33 31 32 36 35 36 36 34 41 29 41 41 42 40 36 25 27 26 41 36 43 39 42 38 37 26 21 23 37 37 34 26 3 33 41 40 36 36 41 24 38 39 13 43 29 33 35 25 40 41 40 41 36 41 42 42 43 38 35 18 27 39 35 43 39 41 42 41 27 21 26
25 33 36 31 4 26 39 29 42 34 30 32 35 33 20 33 31 26 30 21 31 36 34 42 29 36 40 42 35 35 23 17 22 34 28 43 36 39 36 40 30 30 21 26 33 36 18 3 20 41 22 43 25 36 24 25 36 12 43 33 27 30 17 37 39 40 43 21 36 40 41 41 37 25 10 29 42 38 42 37 42 39 39 31 31 19
16 37 41 39 12 29 40 37 42 35 35 32 23 28 24 36 28 26 27 37 33 40 36 43 38 37 43 43 33 30 28 27 22 42 39 43 41 43 42 37 35 38 30 25 33 35 31 18 33 40 40 39 31 39 29 40 34 16 39 28 27 37 33 31 33 36 42 37 42 41 42 39 32 28 17 22 41 39 43 41 42 42 38 36 32 24
17 31 35 25 17 31 35 37 38 29 27 25 38 35 23 39 28 24 28 21 33 38 32 43 26 37 41 42 36 24 25 31 20 39 37 42 32 43 41 33 30 26 25 17 32 34 26 8 32 41 33 38 28 30 28 28 37 24 40 26 23 28 24 40 41 30 43 23 38 42 41 36 27 23 18 16 40 40 43 38 42 42 34 32 35 18
30 26 28 27 14 31 42 37 36 39 23 26 20 32 25 34 26 16 23 16 28 28 35 39 24 32 36 42 37 35 20 22 21 38 39 39 34 39 41 36 28 25 23 19 37 28 20 0 14 35 23 33 22 33 11 38 24 5 36 32 36 39 17 32 34 33 41 36 43 41 43 35 39 37 13 23 37 39 42 42 38 36 35 21 28 22
34 32 36 35 13 40 42 37 41 40 36 30 38 34 23 32 35 34 26 37 29 37 34 43 35 38 42 42 37 39 37 23 24 40 23 42 37 41 43 36 34 30 24 33 36 37 31 13 33 42 32 39 38 39 30 30 40 18 39 32 27 34 26 36 41 38 43 29 39 41 43 38 39 25 19 27 41 32 43 41 42 42 42 30 35 30
10 32 30 25 3 28 38 33 39 37 27 25 25 21 9 30 24 22 21 31 31 36 26 43 29 39 40 40 30 30 24 14 17 35 30 41 33 37 35 30 17 18 13 18 32 29 17 5 21 36 29 38 34 28 25 30 25 9 33 27 22 24 16 30 33 32 42 20 36 39 40 31 29 22 18 18 35 36 40 35 41 37 32 18 21 15
18 30 30 34 18 36 43 35 41 40 25 32 26 38 24 29 34 18 28 33 36 36 35 43 28 40 41 43 41 39 21 26 19 40 31 43 36 41 40 40 20 26 20 20 34 35 25 10 31 40 31 40 31 39 25 34 33 20 36 29 26 32 28 30 32 28 43 27 40 43 42 39 38 34 16 25 39 36 43 39 43 42 40 21 32 26
21 25 35 31 16 33 33 38 41 39 34 30 28 37 18 36 28 37 25 31 32 34 36 42 27 39 40 42 41 34 22 17 29 43 39 43 40 43 43 40 31 30 33 25 36 33 26 20 31 37 36 40 38 36 32 26 37 17 36 28 35 35 24 35 36 35 43 33 42 41 40 37 34 23 21 26 41 32 43 38 42 42 37 28 34 25
26 33 37 32 20 30 42 35 43 35 33 29 36 36 23 35 34 27 28 27 36 35 35 43 30 38 39 43 31 35 32 24 10 39 40 43 35 40 42 43 31 27 24 23 38 36 25 17 20 41 38 37 33 30 26 31 39 17 42 32 30 31 29 34 40 38 43 32 41 41 42 35 39 29 16 24 40 38 43 37 42 40 39 30 34 24
19 33 37 28 4 27 42 35 42 38 33 21 36 35 19 34 31 23 26 24 33 35 35 43 27 37 39 43 36 42 24 15 14 38 30 43 37 40 41 39 29 34 19 26 34 34 22 8 27 41 31 36 32 33 27 29 36 13 38 31 28 33 19 34 40 35 43 32 40 43 42 38 41 28 12 19 35 32 43 34 40 38 35 28 28 22
30 32 32 33 13 34 36 36 39 32 32 31 29 37 26 35 27 24 31 30 36 37 33 41 27 37 41 41 36 37 24 19 33 41 39 42 37 41 39 39 28 26 28 32 32 37 29 1 31 38 35 43 33 33 35 29 36 19 42 31 25 33 34 35 37 36 43 24 40 40 42 37 36 20 9 26 40 42 43 41 41 41 38 30 26 26
17 37 36 32 13 33 40 41 41 36 32 33 31 33 29 36 32 23 30 30 35 40 35 42 34 39 42 42 36 40 27 24 23 37 37 43 32 40 37 35 29 21 26 26 34 34 31 5 21 33 37 40 37 39 31 38 38 15 41 30 31 31 24 36 41 36 43 23 41 41 43 39 37 26 24 25 41 33 43 41 43 41 32 32 35 19
33 36 36 32 19 39 42 38 41 39 36 32 33 38 19 36 38 34 35 36 34 38 36 43 34 40 40 43 40 37 25 31 22 40 35 42 38 41 40 41 32 31 29 36 37 39 15 4 22 43 42 42 31 42 28 38 38 9 38 36 39 40 20 34 38 36 43 29 42 40 43 42 42 33 25 35 43 38 43 43 43 42 40 37 42 32
25 31 35 25 10 39 40 39 41 38 35 25 31 40 12 34 29 24 30 26 29 35 33 43 32 38 38 43 41 37 22 25 28 43 41 43 38 43 43 38 34 31 23 38 30 33 26 16 33 42 34 41 28 34 30 31 39 21 30 28 29 30 20 34 31 30 41 23 39 38 41 42 39 21 26 26 39 37 43 40 43 42 39 34 39 30
6 31 27 26 1 23 37 16 36 28 23 23 19 13 7 24 22 16 18 23 22 32 27 39 23 35 35 39 15 28 16 6 2 25 20 35 26 33 25 22 11 16 9 12 29 24 14 1 10 24 15 24 20 28 19 19 20 9 28 16 25 22 12 20 29 23 37 26 38 34 33 21 24 17 0 16 35 24 40 30 36 32 24 20 15 15
13 31 36 13 2 21 33 25 39 26 29 18 31 26 18 37 28 23 23 20 31 37 38 43 31 34 40 40 32 33 20 6 24 36 37 42 36 39 39 33 21 26 21 13 34 30 26 5 25 39 30 39 26 30 24 25 28 14 31 21 22 24 26 26 37 31 42 22 34 40 42 33 31 20 12 18 33 37 41 32 40 36 36 25 28 23
27 38 35 25 6 29 39 41 41 38 37 26 35 39 12 31 34 31 35 32 32 36 33 43 29 35 36 41 38 36 16 15 18 41 38 42 39 40 39 35 26 28 31 31 34 35 23 5 29 38 39 39 32 34 28 33 40 12 38 28 30 32 32 36 34 36 42 25 40 40 42 38 36 27 11 24 40 33 42 38 43 38 36 30 32 23
19 34 39 37 16 36 40 39 37 39 40 33 40 37 22 38 31 28 35 35 32 40 36 43 32 41 43 43 38 39 35 29 29 42 37 43 41 43 43 40 36 39 28 32 33 41 30 20 36 43 41 43 38 37 34 31 41 26 40 33 29 30 35 38 39 38 43 27 40 42 43 38 39 22 28 28 38 36 43 41 43 43 41 35 32 37
35 33 32 32 16 38 41 39 42 37 39 33 41 40 23 35 37 37 38 31 36 38 35 43 33 40 40 42 41 39 32 35 32 42 36 42 42 42 42 41 36 35 28 35 38 36 29 3 39 43 43 41 41 42 30 31 43 33 36 34 33 39 26 37 40 37 43 30 39 40 43 42 42 25 25 31 42 40 43 42 43 43 43 34 38 34
26 35 37 37 7 34 41 38 41 37 36 25 33 35 22 33 34 30 34 27 37 35 37 42 32 39 41 43 39 39 26 22 29 39 39 42 41 40 39 37 34 34 30 32 36 38 32 3 31 41 39 43 34 38 29 35 40 14 39 34 28 36 25 39 37 40 43 30 42 42 43 39 43 27 13 26 41 35 43 39 41 41 38 31 33 25
9 34 37 25 7 28 38 34 40 29 33 27 37 28 17 33 31 34 29 16 31 33 33 42 30 39 42 41 33 34 28 14 17 37 38 43 38 41 34 38 27 28 25 24 35 36 21 2 28 38 37 39 33 35 28 37 36 12 35 29 25 31 23 32 33 35 42 32 38 39 42 28 33 23 14 12 37 35 43 37 42 36 40 25 31 19
