62.9767
64.9535
65.9535
64.6047
67.8605
64.186
63.0465
62.2558
63.5814
62.3721
61.0465
62.7674
51.2791
68.5349
63.3023
65.4884
59.0465
66.4651
64.5814
64.6279
66.093
64.2326
64
63.2791
65.3023
64.8372
63.6977
66.3721
66.5581
63.1395
63.4884
67.8372
63.907
63.4651
64.2791
62.1163
61.4651
63.1628
63.5581
63.8605
64.6977
64.6512
66.6744
65.8605
62.5814
63.7209
65.6512
57.5814
62.186
64.5814
66.1163
66.8605
66.5814
65.3953
65.5349
67.5814
64.7907
62.8372
64.8372
67.5349
63.2791
66.9767
65.9767
66.6744
65.6512
67.5349
66
66.0465
61.814
63.8605
62.4651
64.4651
64.1628
64.3256
65.9535
63.4186
65.9767
63.1163
65.5581
62.3256
63.9767
62.6047
61.7674
66.186
61.5116
65.3023
62.1395
65.8605
66.7907
60.3023
63.5581
67.1628
67.3488
65.1628
62.1628
66
66.3953
62.9535
65.1395
66.1163
67.1628
62.5581
66.2326
62.186
61.814
62.2326
61.7209
65.0465
68
62.4884
64.5581
60.8605
66.6512
67.6744
67.3256
62.2558
65.4186
65.3023
67.3488
67.093
61.0465
69.3023
63.907
65.3023
65.3023
64.9535
64.3721
65.2326
62.5349
67.907
64.1628
64.907
63.907
64.814
65.186
60.8837
64.2791
66.4419
69.5814
66.3256
65
65.6744
63.2326
62.7209
66.2093
65.3721
65.6744
64.9302
66.5116
66.6512
66.0233
65.0233
63.2093
62.7907
64.7674
64.1163
66.3488
64.0465
67.4419
62.4419
67.7674
66.1628
65.186
62.1163
66.2093
68.6279
61.3256
61.907
68.3953
66
69.1163
68.2558
64.4884
66.9767
63.6512
63.9535
65.7907
67.907
63.3953
64.6977
65.2093
67.5814
66.0233
61.8837
65.186
66.5581
63.1628
62.2791
66.6744
64.9302
64.3023
57.5581
66.0465
66.9302
65.7907
65.5814
66.7209
66.7442
65.186
65.0465
65.7674
65.7907
63.3023
66.4186
66.6744
67.093
66.814
59.7907
64.6047
63.1163
61.1163
63.7674
67.5349
68
65.1628
65.2791
64.4651
62.0698
63.1628
57.2326
66.4651
62
66
62.9535
60.4186
57.7674
60.1395
64
64.7674
67.6977
66.2558
62.5581
63.814
63.8372
63.0465
65.2093
62.0465
66.3953
68.3953
66.3488
53.6279
65.4186
69.2093
58.5581
64.4884
69.0465
63.8605
60.2558
66.1395
67.3023
63.5581
68.8605
65.093
65.9535
65.0698
65.3488
66.2326
64.9767
68.6512
64.8372
62.2093
64.3953
62.6512
65.9302
64.1395
62.9302
61.7442
68.2558
65.1163
63.6047
66.4186
65.5581
65.9302
62.1395
63.7674
67.3488
65.5814
62.7442
62.5581
65.7209
66.7209
65.9302
62.3488
63.6279
66.0465
65.4186
65.7209
66.3023
65.8372
62.9767
67.0698
66.0698
63.3256
66.4186
63.4884
60.2326
65.5349
60.093
63.6744
64.907
64.907
63.4419
64.5116
65.093
66.0233
64.2558
50.7442
59.7674
63.4419
67.2093
67.186
65.3721
62.3256
