39.9302
40.6047
41.3256
40.3256
40.9535
40.3953
40.6744
40.6279
40.1628
41.3721
39.0465
40.907
38.3488
41.4651
40.4651
40.8605
39.9767
40.8837
40.1395
40.7209
40.6512
41
40.5814
40.1628
40.5814
40.6047
40.907
40.8837
40.6047
41.0465
40.7209
40.7674
40.7907
41
40.3023
40.6744
40.4651
40.2558
40.8372
40.7442
40.2326
40.7209
40.4884
40.6744
40.8372
40.7674
41.3721
39.5349
40.5581
40.2791
40.5116
41.186
40.5581
40.6744
41.186
40.6279
40.6279
40.1163
40.4884
41
40.5349
40.8605
40.9767
40.3953
41.1395
40.7442
40.6512
40.8837
40.6047
39.6512
40.8837
40.907
40.5116
41.186
41.1628
40.8372
40.907
40.2093
40.5581
40.1163
40.3023
40.5116
40.2326
41.0233
40.4186
40.9302
40.6977
40.5581
41.1628
40.6047
41.1395
41.1628
40.6977
41.1628
39.7442
41.2093
41.2326
40.3953
40.9767
41.3256
40.5581
40.3256
40.6977
40.3721
40.0233
40.3023
41.0465
40.7209
41.3256
41
40.4884
38.6279
41.186
41.093
40.8837
40.5814
40.4651
41.0698
41.093
40.8605
40.907
41.2093
41.2326
40.5814
40.5581
39.814
40.5581
40.6512
40.6744
41.3488
40.3721
40.4419
40.5349
40.6047
40.8372
39.6512
40.7674
40.907
41.0698
40.7907
40.4651
40.5581
40.7442
40.7442
41
40.2326
40.5349
40.9302
40.7442
41.186
41.0465
41.0233
40.4186
40.7442
40.6744
40.2093
41.093
40.6744
41.093
39.907
41.0698
41
40.907
40.4651
40.5349
40.8372
40.1395
40.7907
40.907
40.6279
41.2791
40.8605
41
41.1395
40.7442
39.907
40.7442
41.3023
40.4884
40.5814
40.907
40.8837
40.5581
40.4186
40.7209
40.5581
40.7442
40.5814
41.0698
40.6977
40.2791
40.2326
40.2558
40.8372
40.8837
40.4186
41
40.7442
40.6279
40.2791
40.6744
40.4884
39.8605
40.7209
41.0233
41.3256
41.1628
39.186
40.7442
40
40.3488
40.5116
41.0465
40.8372
40.2326
40.6279
40.6512
40.6977
40.6279
39.3488
40.4419
40.1628
40.5581
40.3488
40.1163
37.7209
39.7442
40.6977
40.5814
41.1628
40.7209
40.3488
40.7674
40.4419
40.4419
40.9302
40.3488
40.4651
41.2093
40.9302
38.0698
40.7209
41.0233
40.7907
40.7907
41.4884
40.8837
39.6512
40.8605
40.7209
40.6512
41.4651
40.3721
40.7209
40.5116
41.0465
40.7907
40.814
40.9535
41
40.5349
40.3023
40.1395
41.1163
40.8837
41
40.4419
41.4419
40.907
40.186
41.0465
40.1628
41.2326
40.1395
39.7674
41
40.6279
39.9302
40.186
40.6977
41.1163
40.3488
40.2558
40.2791
41.0233
40.5116
40.5814
41.0233
40.2558
40.186
40.9302
40.6744
40.7907
41.2791
40.814
38.8372
40.5581
40.6512
40.3488
40.5814
40.8372
40.8372
40.5116
40.6977
39.7209
40.2326
36.3953
39.9302
40.1163
40.6744
39.9535
40.186
40.2558
