41 38 40 37 36 41 42 42 42 41 42 40 42 42 31 39 40 42 41 40 41 42 41 42 40 42 42 42 42 41 35 42 38 42 36 42 41 42 42 42 40 38 40 40 35 42 35 28 40 42 42 41 40 42 40 40 42 38 39 40 39 41 34 40 39 42 42 32 42 41 42 42 39 39 38 39 42 36 42 42 42 42 42 40 37 38
35 41 39 42 40 42 42 42 40 42 42 42 41 42 36 41 41 42 42 42 40 42 42 42 39 42 42 42 42 41 38 41 37 42 38 42 42 42 42 42 41 40 37 38 40 41 39 31 42 42 42 42 40 42 42 41 42 39 39 40 42 41 39 41 39 40 42 36 42 42 42 42 40 41 41 36 42 38 42 41 42 42 42 40 42 39
41 42 42 42 36 42 42 42 42 42 42 42 42 42 40 40 40 42 42 42 41 42 42 42 40 42 42 42 42 41 42 42 40 42 42 42 42 42 42 42 42 41 42 41 39 42 40 37 42 41 42 42 42 42 42 42 42 38 41 42 42 42 41 41 41 42 42 34 42 42 42 42 42 42 41 37 42 40 42 42 42 42 42 42 41 41
42 41 40 40 34 42 42 42 42 42 42 42 42 42 36 41 40 42 41 42 41 42 41 42 40 42 42 42 42 42 40 42 36 42 40 42 42 42 42 42 42 41 40 37 33 41 38 20 41 42 42 42 42 41 40 39 41 37 38 41 41 40 39 41 41 41 42 32 41 41 42 41 39 40 41 37 41 41 42 41 42 42 42 41 38 38
35 38 42 42 38 42 41 42 42 42 41 41 42 42 34 38 42 41 41 39 42 41 40 42 36 42 42 42 42 42 40 42 38 42 38 42 41 42 42 42 42 40 39 41 41 41 41 33 42 42 42 42 42 42 42 42 42 40 39 41 42 42 42 42 41 41 42 40 42 42 42 42 41 42 40 41 42 39 42 42 42 42 42 42 42 42
35 38 42 39 38 40 42 42 42 40 42 41 41 42 41 37 42 42 42 40 41 39 42 42 40 42 42 42 42 41 31 40 37 42 34 42 42 42 42 42 41 41 39 41 38 42 40 32 42 42 42 42 42 42 40 40 42 40 40 40 41 41 37 41 40 40 42 38 42 42 42 42 42 39 39 32 42 37 42 42 42 42 42 42 40 40
37 39 41 41 40 42 42 42 42 42 42 42 41 42 35 41 42 41 41 42 42 39 42 42 40 42 42 42 42 42 38 42 34 42 42 42 42 42 41 42 42 39 36 40 39 40 32 35 41 42 42 42 42 42 42 42 42 34 40 39 42 39 39 42 42 39 42 40 42 42 42 42 40 40 41 38 42 41 42 41 42 42 42 42 40 40
39 42 42 42 39 42 42 42 42 42 42 41 41 41 38 40 42 41 42 41 42 39 42 42 42 42 42 42 41 41 40 42 36 42 38 42 42 42 42 42 41 41 38 40 37 41 37 35 42 42 42 40 42 41 41 42 42 36 38 42 39 40 38 40 40 41 42 40 42 42 42 42 42 39 41 32 42 36 42 41 42 42 42 40 41 38
37 28 40 40 41 41 40 41 42 35 42 39 34 42 38 37 42 42 42 39 41 40 42 42 33 42 42 42 41 40 35 41 36 42 40 42 41 42 42 42 41 37 40 37 36 41 37 40 42 42 42 41 41 42 40 41 42 39 42 39 41 40 35 41 42 41 42 39 42 42 42 42 42 39 41 38 42 41 42 42 42 42 42 41 39 40
41 41 42 41 40 42 42 42 42 42 42 42 42 42 40 41 42 42 42 42 42 42 42 42 39 42 42 42 42 42 41 42 39 42 42 42 42 42 42 42 42 41 40 40 40 42 37 42 42 42 42 42 41 42 41 40 42 41 40 42 42 42 41 42 42 42 42 34 42 42 42 41 42 40 42 37 42 41 42 42 42 42 42 41 42 41
36 38 39 36 24 42 41 42 41 42 42 42 39 41 33 40 39 40 40 41 40 40 41 42 36 42 41 41 42 41 38 40 38 42 41 42 42 42 42 42 42 38 39 38 31 36 32 33 41 42 40 29 42 42 36 38 42 25 37 38 41 38 36 38 37 41 42 36 38 41 42 40 37 40 38 35 41 38 42 42 42 42 41 40 40 36
36 37 42 38 40 42 42 42 42 42 42 41 41 42 40 38 42 42 42 41 42 41 42 42 40 42 42 42 42 41 42 42 38 42 39 42 42 42 42 42 42 40 41 39 40 42 39 31 42 42 42 42 42 42 40 41 42 39 39 41 42 41 41 41 41 41 42 39 42 42 42 42 40 41 41 37 42 40 42 42 42 42 42 42 39 39
38 25 41 35 37 40 42 41 32 41 41 36 41 40 30 33 37 36 38 38 40 32 42 42 38 41 38 42 41 39 32 37 36 42 39 42 41 42 42 42 40 39 37 34 30 41 26 37 39 41 41 31 41 41 41 39 41 34 35 37 37 40 35 39 37 39 42 30 41 40 42 41 41 38 37 34 42 40 42 41 42 42 42 41 38 38
40 41 42 42 41 42 42 42 42 42 41 42 41 42 34 41 42 41 41 42 42 42 42 42 41 42 42 42 42 42 41 42 42 42 40 42 42 42 42 42 41 41 41 41 41 42 40 40 42 42 42 42 42 42 42 42 42 40 41 42 42 42 40 40 42 41 42 39 42 42 42 42 42 40 42 41 42 42 42 42 42 42 42 42 42 40
35 35 42 42 39 42 42 41 41 42 42 42 40 41 34 38 41 42 42 42 40 39 41 42 41 42 42 42 42 41 35 38 33 42 36 42 42 42 42 42 42 41 36 40 39 41 39 33 41 42 42 42 42 42 42 41 42 35 41 39 41 41 41 41 42 40 42 38 42 42 42 42 42 41 41 37 42 39 42 42 42 42 42 42 41 38
37 40 41 39 35 42 42 42 42 42 42 40 42 42 41 39 42 42 42 42 40 41 42 42 39 42 42 42 42 41 41 41 36 42 39 42 42 42 42 42 41 42 41 38 41 39 38 40 41 42 42 42 42 42 40 42 42 35 37 40 42 41 39 40 42 41 42 40 42 42 42 42 42 41 42 38 42 39 42 42 42 42 42 41 40 39
35 35 41 38 26 39 42 42 41 41 42 41 39 41 33 36 40 39 40 41 40 39 41 42 35 41 42 42 42 42 35 39 33 42 39 42 41 42 42 42 40 38 37 41 40 42 38 38 40 42 42 42 42 42 41 41 42 35 38 39 41 41 37 38 40 41 42 39 42 42 42 42 42 41 42 36 42 41 42 41 42 42 42 42 42 39
40 41 40 42 41 42 42 42 42 42 42 42 42 42 32 40 41 41 41 41 41 42 42 42 41 42 42 42 42 41 42 42 40 42 42 42 42 42 42 42 40 40 41 41 36 40 41 40 39 42 42 42 41 42 41 42 41 31 37 41 41 41 39 40 39 42 42 36 41 42 42 41 42 41 41 40 42 41 42 41 42 42 42 40 41 40
39 36 42 36 37 39 42 41 41 42 42 40 41 41 34 32 42 38 42 39 38 34 41 42 37 41 41 42 42 41 35 40 35 42 39 42 42 42 42 42 41 42 37 40 39 39 39 37 42 42 42 40 42 42 41 42 41 38 38 39 42 39 42 42 41 41 42 37 42 42 42 42 41 40 38 38 42 39 42 42 42 42 42 42 41 38
41 40 41 39 33 42 42 42 42 42 42 41 42 42 41 38 41 42 41 40 41 42 41 42 40 42 42 42 42 42 40 41 39 42 42 42 42 42 42 42 42 39 41 39 40 40 40 29 41 42 42 42 42 42 41 41 42 37 40 39 42 40 37 39 41 39 42 36 41 42 42 42 42 40 40 37 42 42 42 42 42 42 42 42 39 40
38 41 42 39 30 42 39 42 42 41 42 42 42 42 40 41 41 42 42 39 42 40 42 42 34 42 42 42 42 41 38 42 38 42 42 42 42 42 42 42 42 37 39 39 38 41 36 33 42 42 42 42 41 42 42 42 42 40 39 39 42 42 40 39 42 41 42 37 42 42 42 42 41 41 42 36 42 40 42 42 42 42 42 41 41 39
37 41 42 41 39 42 42 42 42 42 42 42 42 42 40 38 42 41 42 41 41 41 42 42 36 42 42 42 42 42 38 42 40 42 42 42 42 42 42 42 42 41 41 39 42 42 40 38 42 41 42 42 42 42 42 39 42 34 41 42 42 42 40 42 42 42 40 32 42 42 42 42 41 41 39 37 42 40 42 42 42 42 42 42 41 39
40 40 40 41 38 40 42 40 42 42 42 40 41 42 33 38 42 42 41 38 40 40 41 42 37 42 42 41 42 41 31 41 33 42 42 42 42 42 42 42 40 39 40 40 39 42 39 39 40 42 42 42 42 42 42 42 42 33 40 42 40 41 39 42 41 41 42 37 42 42 42 42 42 40 41 38 42 41 42 42 42 42 42 42 42 41
39 38 41 39 30 42 40 42 42 42 42 39 37 42 32 38 40 42 42 40 40 41 41 42 37 41 41 42 42 42 37 39 37 42 40 42 42 42 42 42 42 42 39 40 38 40 41 23 42 41 42 42 42 42 41 40 42 34 39 39 40 41 39 38 42 41 42 40 42 42 42 42 41 40 42 35 42 40 41 41 42 42 42 42 40 39
33 38 42 40 38 42 42 42 41 42 42 40 41 41 35 38 41 42 42 41 40 38 42 42 38 42 42 42 42 41 40 42 33 42 38 42 42 42 42 42 42 40 39 39 41 42 37 38 42 42 42 42 42 42 39 40 42 38 38 36 42 41 37 40 41 42 42 40 42 42 42 42 41 41 42 38 42 41 42 42 42 42 42 41 41 40
41 37 41 40 33 41 42 42 41 41 42 41 42 42 36 36 40 40 41 40 40 38 41 42 39 42 42 42 42 42 41 40 36 42 41 42 42 42 42 42 42 41 38 42 40 41 40 36 41 42 42 42 42 42 38 40 42 38 39 41 41 42 41 41 40 39 42 37 42 42 42 42 42 42 39 34 42 42 42 42 42 42 42 42 41 39
38 40 42 40 34 42 42 42 42 42 42 41 41 42 39 38 42 42 42 39 41 40 42 41 40 42 42 42 42 42 37 41 41 42 41 42 42 42 42 42 42 41 39 41 40 41 36 36 42 42 42 42 42 42 42 42 42 37 40 40 42 42 38 42 40 42 42 39 42 42 42 42 42 41 42 36 42 40 42 42 42 42 42 42 39 40
34 38 42 42 39 42 42 42 42 42 42 42 41 42 40 39 42 42 42 41 40 40 42 42 39 42 42 42 42 41 39 40 35 42 41 42 42 42 42 42 41 40 40 41 39 41 41 34 41 42 42 41 42 42 41 41 41 39 39 39 42 42 41 42 42 41 42 36 42 42 42 42 42 42 41 38 42 40 42 42 42 42 42 41 41 39
40 37 41 40 39 42 42 42 42 42 42 41 40 42 40 39 42 42 42 41 41 40 42 42 41 42 42 42 42 42 39 39 38 42 38 42 42 42 42 42 40 41 41 38 36 40 37 32 41 42 42 42 41 42 39 41 42 38 36 41 42 41 39 40 37 40 42 37 42 41 42 42 42 40 40 38 42 42 42 42 42 42 42 40 40 41
40 39 41 36 35 42 42 42 42 42 42 41 41 42 40 38 42 42 42 38 42 40 42 42 40 42 42 41 42 42 40 42 39 42 42 42 42 42 42 42 42 42 41 40 39 42 38 37 42 42 42 41 42 42 42 42 42 40 42 41 42 42 40 42 39 41 42 39 42 41 42 42 41 40 40 38 42 41 42 42 42 42 42 42 41 41
35 40 41 41 40 42 42 42 41 42 42 41 40 42 33 40 40 41 41 42 42 42 42 42 40 42 42 42 42 41 37 42 35 42 42 42 42 42 42 40 41 37 39 40 41 39 40 34 42 42 42 42 42 42 41 41 42 30 41 39 41 40 40 41 42 41 42 39 42 42 42 42 42 41 42 39 42 41 42 41 42 42 42 42 41 41
39 40 41 41 27 42 41 42 42 42 41 42 42 42 32 41 40 42 40 42 40 39 40 42 40 41 42 42 42 41 42 42 38 42 40 42 41 42 42 41 41 40 39 40 42 40 41 36 42 42 42 42 42 42 40 42 42 37 38 38 42 42 41 41 42 41 42 41 42 42 42 42 42 40 40 36 42 42 42 42 42 42 42 42 42 40
38 30 42 37 39 42 42 40 42 40 42 42 41 41 40 39 42 42 42 40 42 35 42 42 40 42 42 42 42 41 38 41 35 42 41 42 42 42 42 42 40 40 38 40 38 42 41 36 42 42 42 42 42 42 42 42 42 39 41 42 42 42 42 41 41 42 42 37 42 42 42 42 41 42 42 38 42 40 42 42 42 42 42 39 42 40
37 39 42 41 40 42 42 42 42 42 42 42 41 42 38 38 42 42 42 39 42 41 41 42 40 42 42 42 42 41 38 41 35 42 41 42 42 42 42 42 42 40 41 41 41 42 41 36 42 42 42 42 42 42 40 41 42 39 40 40 42 42 41 38 42 42 42 41 42 42 42 42 41 41 42 32 42 40 42 42 42 42 42 41 41 41
40 36 41 36 35 41 42 42 42 42 42 41 40 41 32 37 42 41 40 37 39 40 41 42 34 42 41 42 42 42 38 41 38 42 41 42 42 42 42 42 40 38 39 40 35 40 39 37 42 41 42 42 41 42 40 42 42 35 39 39 42 41 39 40 40 41 42 38 42 42 42 42 42 40 42 38 42 41 42 42 42 42 42 40 42 38
37 39 42 42 32 42 42 42 41 42 42 41 42 42 35 40 42 41 42 41 40 41 41 42 40 42 41 42 42 41 41 41 38 42 40 42 41 42 42 42 42 41 39 40 35 42 38 37 41 42 40 42 41 42 41 39 42 40 38 41 42 42 38 42 41 41 42 33 42 41 42 42 42 41 41 38 42 41 42 42 42 42 42 40 40 40
38 33 41 39 39 42 42 41 41 42 41 39 41 41 31 37 41 40 41 41 42 42 41 42 37 42 42 42 42 38 40 41 36 42 40 42 42 42 42 42 40 40 40 39 39 40 40 37 41 42 42 42 41 42 42 42 42 34 38 42 42 42 41 41 41 40 42 37 42 42 42 42 40 42 39 38 42 40 42 42 42 42 42 41 39 40
39 39 42 42 31 41 42 42 42 42 42 41 42 42 35 37 42 40 41 41 40 40 42 42 39 42 42 42 42 41 41 39 39 42 39 42 42 42 41 42 41 41 40 36 37 42 39 30 39 42 42 42 41 42 40 41 42 39 37 42 42 41 38 38 37 42 42 33 42 42 42 42 42 39 38 34 42 39 42 41 42 41 42 40 40 38
33 42 41 40 40 42 42 42 41 41 42 41 42 42 36 35 42 41 42 42 41 40 41 42 39 42 42 42 42 42 41 41 40 42 40 42 42 42 42 42 41 39 40 38 39 41 40 39 42 42 42 40 42 42 41 41 42 42 39 41 42 42 40 41 40 42 42 36 42 42 42 42 40 40 42 34 42 39 42 42 42 42 42 42 41 40
37 38 41 39 38 41 41 42 42 42 42 40 41 42 41 38 42 41 42 42 41 42 42 42 39 42 42 42 42 41 36 41 38 42 41 42 42 42 42 42 41 39 41 41 38 40 37 38 41 42 42 42 42 41 41 41 42 34 37 41 42 41 37 41 39 42 42 39 41 42 42 42 42 40 42 39 42 41 42 42 42 42 42 41 40 41
37 31 39 39 23 42 42 41 41 39 41 40 40 40 37 35 40 41 41 40 40 39 40 42 35 41 42 42 42 41 40 39 34 42 38 42 41 42 42 42 40 40 39 42 40 39 40 36 41 42 42 42 42 42 41 42 42 39 41 38 42 42 41 40 39 42 42 40 42 42 42 42 42 42 41 40 42 42 42 42 42 42 42 40 42 38
37 37 42 42 40 41 42 40 41 41 42 41 42 42 33 35 42 41 41 40 42 38 41 42 39 42 42 42 42 41 40 41 36 42 38 42 42 42 42 42 39 40 35 39 39 42 41 38 42 42 42 42 42 42 42 41 42 39 39 42 42 42 41 42 42 42 42 38 42 42 42 42 42 42 41 35 42 40 42 42 42 42 42 41 41 39
39 36 40 38 36 41 42 42 42 42 42 39 42 42 31 38 41 42 42 40 39 39 40 42 37 42 42 42 42 41 34 41 40 42 42 42 42 42 42 42 40 41 41 42 35 39 39 35 42 42 42 42 41 42 41 42 42 38 39 40 42 42 39 40 42 41 42 38 42 41 42 42 42 39 41 38 42 39 42 42 42 42 42 40 42 39
36 38 41 41 37 42 42 42 41 42 42 42 41 42 37 41 41 41 42 41 41 41 42 42 37 42 42 42 42 41 40 42 36 42 40 42 42 42 42 42 41 42 37 40 37 42 37 41 42 42 42 40 42 42 41 40 42 38 41 39 42 42 39 42 41 42 42 37 42 42 42 42 40 41 40 31 42 38 42 42 42 42 42 41 41 37
37 37 42 40 41 42 42 42 42 42 42 42 42 42 32 40 42 42 41 42 41 38 41 42 39 42 42 42 42 42 41 41 37 42 41 42 42 42 41 42 40 41 39 40 39 40 37 36 42 42 42 42 41 42 41 41 42 37 37 39 42 42 38 40 41 42 42 37 42 42 42 42 42 42 42 39 42 41 42 42 42 42 42 42 42 42
40 36 42 40 42 41 42 42 42 41 42 42 42 42 34 42 42 42 42 41 41 41 42 42 40 42 42 42 42 42 38 41 39 42 39 42 42 42 42 42 41 40 39 41 39 42 34 38 42 41 42 42 41 42 41 41 42 38 39 41 41 41 36 41 38 42 42 36 42 42 42 42 41 39 40 39 42 39 42 42 42 42 42 42 41 38
40 37 41 40 41 42 42 42 42 42 42 41 42 42 39 38 42 42 41 42 41 41 42 42 38 42 42 42 42 42 41 41 39 42 40 42 42 42 42 42 42 41 40 41 41 42 41 41 42 42 42 42 41 42 42 42 42 38 41 41 42 41 42 41 42 41 42 39 42 42 42 42 42 42 42 42 42 41 42 42 42 42 42 42 42 42
41 35 39 33 31 40 42 42 41 41 42 37 40 42 27 36 40 39 40 37 40 38 42 42 35 42 41 42 42 40 35 41 35 42 39 42 41 42 42 42 42 39 39 41 38 41 38 31 40 42 42 42 41 41 35 41 41 24 40 38 40 41 39 40 39 40 42 33 41 41 42 42 41 40 42 39 42 39 42 42 41 41 42 42 41 40
32 40 42 42 38 42 42 42 41 41 42 42 41 40 37 38 41 41 42 41 41 41 41 42 37 42 42 42 42 42 35 42 36 42 39 42 42 42 42 42 40 42 39 40 38 40 40 37 42 42 41 42 40 42 42 41 42 38 39 40 42 42 38 40 41 40 42 32 42 42 42 42 42 42 40 38 42 40 42 42 42 42 42 41 39 39
38 40 39 42 32 42 42 42 41 41 42 41 42 42 37 37 42 42 41 39 40 41 40 42 40 42 42 42 41 42 41 41 37 42 39 42 42 42 42 42 41 41 38 38 38 42 36 32 41 41 41 42 41 42 40 39 42 39 39 40 42 42 37 40 39 42 42 32 42 42 42 41 40 42 41 36 42 37 42 41 42 42 42 39 39 37
37 40 41 39 38 42 42 42 40 42 42 42 42 42 31 38 41 41 40 40 40 42 41 42 41 42 42 42 42 40 39 41 37 42 41 42 42 42 42 41 40 42 37 35 35 41 38 39 42 42 42 42 41 42 41 40 42 36 39 40 42 42 41 42 42 41 42 35 42 42 42 41 41 42 40 36 42 39 42 42 42 42 42 40 41 38
40 37 42 39 41 42 42 42 42 42 42 41 42 42 39 40 42 42 42 41 42 41 42 42 41 42 42 42 42 42 39 42 40 42 41 42 42 42 42 42 41 40 41 42 39 42 36 39 41 42 42 42 42 42 41 42 42 39 38 40 42 42 39 40 42 42 42 38 42 42 42 42 42 41 40 37 42 42 42 42 42 42 42 42 42 42
41 41 38 40 42 42 42 42 42 42 42 42 39 42 35 39 42 41 42 42 40 42 41 42 36 42 42 42 42 41 37 42 35 42 42 42 42 42 42 42 39 41 40 41 35 42 39 39 40 42 41 42 41 42 40 40 41 33 40 40 42 41 38 42 37 42 42 29 42 42 42 42 41 39 40 37 42 41 42 42 42 42 42 40 42 41
40 40 42 35 41 42 42 42 42 41 42 40 40 42 34 37 42 41 41 41 42 40 41 42 39 42 42 42 42 40 32 38 38 42 39 42 42 42 42 41 42 38 39 41 41 42 34 36 42 42 42 42 42 42 41 41 42 38 39 41 40 41 41 41 40 42 42 39 42 42 42 42 42 40 41 40 42 41 42 42 42 42 42 42 41 41
40 41 41 41 39 42 42 42 42 42 42 41 42 42 39 39 42 42 42 40 41 41 42 42 42 42 42 42 42 42 39 42 39 42 41 42 42 42 42 42 42 40 40 41 38 42 38 35 42 42 42 42 42 42 41 42 42 40 39 40 42 42 41 40 41 41 42 40 42 41 42 42 42 42 39 41 42 42 42 42 42 42 42 41 41 40
38 33 41 41 35 42 42 42 42 42 42 42 41 41 41 41 42 42 41 41 41 39 41 42 39 42 42 42 42 42 40 42 33 42 40 42 42 42 42 42 40 41 38 40 37 42 41 33 42 42 42 42 42 42 42 42 42 36 39 41 42 42 41 41 40 41 42 40 42 42 42 42 39 42 37 32 42 38 42 41 42 42 42 41 41 39
39 37 41 38 34 42 42 42 41 41 42 41 40 42 36 38 40 41 41 41 40 41 41 42 36 42 42 42 42 42 40 39 35 42 40 42 42 42 42 42 39 41 39 38 38 42 39 38 42 42 42 41 42 42 41 42 42 41 39 41 42 42 39 42 40 41 42 38 42 42 42 42 42 41 42 37 42 39 42 42 42 42 42 41 41 39
35 36 41 40 38 40 41 41 41 42 41 41 40 42 32 37 41 41 42 40 40 41 42 42 30 42 42 42 41 42 40 37 36 42 34 42 42 42 42 42 39 40 38 39 36 41 40 35 41 42 42 40 42 42 41 41 42 36 40 41 41 41 41 40 42 41 42 37 42 42 42 42 42 41 42 33 42 36 42 42 42 42 42 41 40 37
41 41 41 39 41 41 42 42 40 41 42 41 41 42 40 37 41 41 41 41 42 38 41 42 37 42 42 42 42 42 40 40 37 42 42 42 42 42 42 42 40 40 41 37 40 38 38 39 41 41 41 40 41 42 38 40 42 36 35 39 42 42 38 41 37 39 42 32 42 42 42 41 40 42 40 39 42 40 42 42 42 42 42 42 40 41
38 39 41 40 41 42 42 42 42 42 42 41 41 42 42 38 42 42 42 41 41 41 41 42 38 42 42 42 42 41 32 42 36 42 40 42 42 42 42 42 42 41 41 40 37 42 38 37 42 42 42 42 42 42 41 42 42 42 37 41 42 42 40 42 40 42 42 38 42 42 42 42 42 42 38 41 42 42 42 42 42 42 42 41 40 41
41 39 41 39 37 42 42 42 42 42 42 42 42 42 33 40 41 42 42 40 41 38 41 42 39 42 42 42 42 42 39 42 36 42 41 42 42 42 42 42 42 39 39 41 35 40 37 30 41 42 41 41 42 42 41 41 42 38 40 40 42 41 40 39 39 40 42 35 41 41 42 42 42 39 36 39 42 41 42 42 42 42 42 41 42 42
40 40 42 41 37 42 42 42 42 42 42 42 42 42 34 39 42 42 41 42 41 42 41 42 41 42 42 42 42 41 35 42 37 42 40 42 42 42 42 42 41 41 38 42 41 39 35 33 42 42 42 42 42 42 41 42 42 41 39 39 41 41 33 39 42 40 42 40 42 42 42 42 41 42 42 40 42 40 42 42 42 42 42 42 41 42
40 42 41 41 27 42 42 42 42 42 42 41 41 42 34 39 42 40 40 41 40 42 41 42 42 42 42 42 41 41 38 41 40 42 40 42 41 42 42 42 42 41 41 42 42 41 36 39 42 42 42 42 42 42 41 42 42 37 41 39 40 42 42 41 42 41 42 41 42 42 42 42 42 41 42 40 42 41 42 42 42 42 42 42 39 40
38 40 39 41 36 41 41 42 41 41 42 41 42 42 37 38 40 41 42 40 41 40 42 42 35 42 42 42 42 41 38 39 35 42 38 42 42 42 42 42 38 39 37 39 36 41 41 30 42 42 41 42 42 42 41 41 42 40 40 37 42 41 40 41 41 41 42 37 42 42 42 42 41 39 40 36 42 42 42 42 42 42 42 39 42 41
39 40 42 42 39 42 42 42 42 41 42 41 42 42 41 33 42 41 42 40 41 40 42 42 42 42 42 42 42 42 38 40 40 42 42 42 42 42 42 42 41 42 41 42 39 42 42 40 41 42 42 42 42 41 42 40 42 34 41 42 41 40 41 40 41 42 42 41 42 42 42 42 42 40 42 38 42 41 42 42 42 42 42 41 41 39
35 40 42 41 39 42 42 42 42 42 42 41 41 42 41 36 42 41 42 41 41 40 41 42 37 42 42 42 42 41 37 42 35 42 39 42 42 42 42 42 41 41 37 39 39 42 40 40 42 42 42 42 41 42 42 41 42 38 37 41 42 42 41 41 41 40 42 36 42 42 42 41 42 41 41 36 42 41 42 42 42 42 42 41 40 36
38 39 41 39 39 41 42 42 42 42 42 42 42 42 32 38 41 41 42 41 39 39 41 42 39 42 42 42 42 41 38 42 37 42 39 42 42 42 42 42 42 42 39 39 41 42 36 38 40 42 42 42 40 42 42 42 42 40 37 40 42 42 38 40 38 41 42 34 42 42 42 42 42 40 41 37 42 41 42 42 42 42 42 42 40 41
39 42 40 33 37 42 42 42 41 42 42 42 42 42 37 38 41 41 41 40 42 42 40 42 38 41 42 42 42 42 39 42 39 42 40 42 42 42 42 42 42 41 40 41 40 42 38 38 42 42 42 42 42 42 41 41 42 37 40 41 42 41 40 39 42 41 42 36 42 42 42 42 42 40 40 40 42 41 42 42 42 42 42 42 42 39
40 37 40 39 35 42 42 42 42 42 42 42 40 42 30 40 39 41 40 41 41 41 41 42 41 42 41 42 42 42 40 40 39 42 41 42 42 42 42 42 41 40 42 40 36 42 40 28 41 41 42 41 42 42 42 41 42 40 41 41 42 42 42 41 40 42 42 35 42 41 42 42 41 42 39 37 42 40 42 42 42 42 42 41 38 39
33 33 40 39 37 41 42 42 42 40 42 39 40 41 30 36 40 40 41 39 39 33 40 42 38 42 42 41 42 40 32 40 34 42 40 42 41 42 42 41 40 40 38 40 37 41 33 34 41 42 41 42 42 42 37 42 41 36 37 37 40 40 38 39 38 41 42 32 42 42 42 42 40 42 41 38 42 42 42 42 42 42 42 42 42 38
39 41 42 40 38 42 42 42 42 40 42 41 41 42 36 39 42 42 42 38 40 41 42 42 35 42 42 42 42 42 35 39 37 42 39 42 42 42 42 42 42 40 41 42 39 42 39 37 42 42 42 42 42 42 42 42 42 39 41 41 42 41 40 42 38 42 42 39 42 42 42 42 42 41 41 38 42 41 42 41 42 42 42 40 42 40
40 40 41 40 40 42 42 42 42 42 42 37 42 42 37 36 42 42 42 40 41 41 41 42 41 42 42 42 42 42 41 41 40 42 41 42 42 42 42 42 42 40 40 42 40 40 38 40 42 42 42 42 42 42 37 41 42 33 37 42 41 42 38 42 41 42 42 38 41 42 42 42 42 39 42 40 42 40 42 42 42 42 42 42 38 40
39 39 42 41 40 42 42 42 42 42 41 39 42 42 31 38 41 41 41 40 42 40 42 42 40 42 42 42 42 42 34 39 36 42 37 42 41 42 42 42 41 40 41 42 40 42 38 38 42 42 42 42 42 42 38 39 42 35 39 37 42 40 36 39 40 41 42 40 41 42 42 42 42 40 40 36 42 40 42 42 42 42 42 42 41 40
42 36 42 40 41 41 42 42 41 42 42 42 42 42 40 39 42 40 42 40 41 37 42 42 39 42 42 42 42 42 40 39 39 42 37 42 42 42 42 42 41 41 40 42 40 42 41 36 42 42 42 42 42 42 42 41 42 40 40 42 42 42 42 41 41 42 42 39 42 42 42 42 42 42 41 41 42 41 42 42 42 42 42 42 42 40
40 42 41 41 40 42 42 42 42 42 41 42 42 42 40 39 41 42 42 41 42 41 42 42 33 42 42 42 41 42 38 41 40 42 41 42 42 42 42 42 41 41 41 41 37 42 39 38 42 42 42 41 42 42 42 41 42 41 39 41 42 42 41 42 41 42 42 37 42 42 42 42 42 41 41 39 42 40 42 42 42 42 42 41 42 41
42 38 40 38 39 42 42 42 42 42 42 40 40 42 38 38 42 42 42 40 42 39 42 42 40 42 42 42 42 41 40 40 36 42 42 42 41 42 42 42 40 42 38 42 38 40 40 37 41 42 42 42 40 42 41 41 42 37 38 42 42 41 40 40 38 41 42 40 42 42 42 42 42 40 41 35 42 42 42 42 42 42 42 42 41 42
37 38 42 40 39 42 42 42 42 42 42 40 42 42 37 34 41 42 42 37 38 40 42 42 40 42 42 42 42 42 41 40 38 42 40 42 42 42 42 42 41 41 42 39 37 42 39 41 42 42 42 41 42 42 42 42 42 38 41 41 42 41 38 41 40 42 42 39 42 42 42 42 42 41 42 40 42 40 42 42 42 42 42 41 40 40
35 40 42 37 36 40 42 41 42 42 42 40 42 42 37 35 42 41 42 41 41 42 41 42 36 42 42 42 42 42 36 40 33 42 36 42 42 42 42 42 39 38 37 39 38 40 41 34 41 42 42 40 41 42 40 42 42 33 36 39 41 42 40 39 42 41 42 41 42 42 42 42 39 41 41 37 42 39 42 42 42 42 42 40 39 38
40 37 41 37 38 41 42 41 42 42 42 42 40 42 37 39 42 42 42 40 40 38 41 42 40 42 41 42 42 42 37 41 39 42 42 42 42 42 42 42 40 41 39 42 38 40 39 28 42 42 42 42 42 42 40 40 42 36 40 38 41 38 40 40 41 39 42 42 41 42 42 42 42 41 41 35 42 42 42 42 42 42 41 41 41 39
37 33 39 41 36 41 42 42 37 41 42 42 42 42 30 40 40 42 41 39 39 39 40 42 40 42 42 42 41 41 39 41 36 42 39 42 42 42 42 42 41 41 38 39 38 42 39 37 42 41 42 40 42 42 41 41 42 33 38 40 41 40 38 40 41 42 42 36 42 42 42 42 42 37 40 29 42 40 42 42 42 42 42 40 40 39
41 41 41 37 30 42 41 42 42 42 42 41 42 42 41 39 40 42 42 41 39 41 41 42 39 42 42 42 42 40 32 39 35 42 40 42 41 42 42 42 41 39 38 39 37 42 39 30 41 42 41 42 42 42 40 42 41 36 37 39 41 40 39 39 37 40 42 38 42 42 42 42 41 42 39 39 42 41 42 42 42 42 42 41 38 41
38 35 42 39 37 41 42 42 42 42 42 41 41 42 39 35 42 42 42 39 40 41 42 42 40 42 42 42 42 41 33 41 38 42 40 42 42 42 42 42 42 42 39 41 37 41 35 38 40 42 42 42 41 42 41 40 42 41 36 42 42 42 40 41 40 41 42 30 42 42 42 41 41 40 40 35 42 41 42 42 42 42 42 40 41 40
33 35 42 37 39 40 42 40 42 42 42 41 41 40 38 37 42 41 42 40 42 36 42 42 39 42 42 42 42 40 38 42 35 42 40 42 42 42 42 42 42 40 40 37 33 41 37 35 42 42 42 42 42 42 42 40 41 37 39 41 42 42 38 41 39 41 42 33 42 42 42 42 42 39 40 35 42 39 42 42 42 42 42 40 40 38
40 39 42 40 40 42 42 42 42 42 42 42 42 41 36 40 41 42 41 41 41 38 42 42 39 42 42 42 42 42 39 40 35 42 42 42 42 42 42 42 42 41 38 42 39 39 40 38 42 42 42 42 42 42 42 42 42 38 40 42 42 42 40 41 41 39 42 39 42 42 42 42 42 42 41 40 42 40 42 42 42 42 42 41 41 39
37 31 42 40 39 40 42 42 42 42 42 42 42 41 36 38 42 42 42 40 42 37 42 42 40 42 42 42 42 42 40 40 37 42 40 42 42 42 42 42 40 40 40 40 36 40 42 27 41 42 42 42 41 42 40 41 42 35 36 39 42 40 40 40 38 41 42 40 42 41 42 42 41 40 39 41 42 39 42 42 42 42 42 40 42 38
41 40 39 39 39 42 42 42 42 41 42 41 42 42 36 39 42 42 41 40 39 41 42 42 41 42 42 42 42 42 40 42 39 42 40 42 42 42 42 42 42 41 41 39 37 40 40 37 42 41 42 42 42 42 42 41 42 38 40 41 42 42 42 42 39 41 42 40 42 42 42 42 42 42 41 35 42 39 42 42 42 42 42 41 38 38
41 38 41 37 41 42 42 42 42 42 42 41 40 42 34 37 40 41 42 37 42 42 42 42 39 42 42 42 42 42 37 41 36 42 39 42 42 42 42 42 41 39 40 39 39 42 40 42 42 42 42 42 42 42 41 40 42 35 41 41 42 41 38 40 42 42 42 40 42 42 42 42 41 40 41 32 42 41 42 42 42 42 41 42 37 40
38 40 40 40 34 42 42 42 42 42 42 41 40 42 36 40 42 41 42 42 39 40 41 42 41 42 42 42 42 39 36 40 39 42 40 42 42 42 42 42 42 41 38 40 41 41 37 25 42 42 42 42 42 41 41 42 42 40 37 41 41 41 40 41 42 41 42 40 42 42 42 42 40 38 42 35 42 39 42 41 42 42 42 42 40 39
41 42 42 41 39 42 42 42 42 42 42 41 41 42 38 38 42 42 42 41 41 42 42 42 41 42 42 42 42 42 39 42 37 42 41 42 42 42 42 42 41 40 42 39 39 41 40 37 42 42 42 42 41 42 42 42 42 40 42 41 41 42 41 42 41 41 42 35 42 42 42 42 42 40 41 39 42 41 42 42 42 42 42 39 42 39
39 38 41 38 41 41 42 42 42 40 42 40 41 42 32 38 41 39 41 42 41 42 41 42 38 42 42 42 42 42 40 42 36 42 40 42 42 42 42 42 41 36 41 42 35 42 40 37 40 42 42 42 42 42 42 41 42 32 40 42 42 41 42 42 39 40 42 39 42 42 42 42 42 39 40 35 42 39 42 42 42 42 42 41 39 41
42 38 42 40 42 42 42 42 42 42 42 42 40 42 38 42 41 40 42 41 40 41 42 42 42 42 42 42 42 42 39 42 38 42 42 42 42 42 42 42 41 42 41 40 35 41 38 41 42 42 42 41 42 42 42 41 41 37 40 41 41 42 42 41 41 42 42 41 42 42 42 42 42 41 40 37 42 39 42 42 42 42 42 41 40 40
40 40 41 42 36 41 42 42 42 42 42 42 41 42 38 40 42 42 42 41 40 40 40 42 41 42 42 42 42 42 39 41 37 42 42 42 42 42 42 42 42 41 41 42 40 41 39 36 40 42 42 42 42 42 42 41 42 40 41 40 42 42 41 42 38 40 42 40 42 42 42 42 42 42 41 40 42 42 42 41 42 42 42 42 42 41
37 37 42 40 42 42 42 42 42 42 42 42 42 42 38 42 41 42 42 41 41 39 42 42 41 42 42 42 42 42 39 41 40 42 39 42 42 42 42 42 41 41 38 40 38 35 39 28 40 42 42 42 42 42 41 41 42 36 41 40 41 41 39 40 41 40 42 36 42 41 42 42 42 40 38 40 42 39 42 42 42 42 42 41 41 41
40 42 42 40 41 42 42 42 42 42 42 42 41 42 33 40 41 42 42 41 41 41 42 42 40 42 42 42 42 40 39 41 39 42 41 42 42 42 42 42 42 40 41 41 41 42 39 36 42 42 42 42 41 42 42 42 42 41 41 41 42 41 42 42 41 41 42 38 42 42 42 42 42 40 39 37 42 40 42 42 42 42 42 42 40 42
38 34 39 40 37 40 42 42 42 41 42 39 42 42 34 36 40 40 42 37 41 33 40 42 38 42 42 42 42 42 35 39 36 42 42 42 42 42 42 42 41 39 37 41 32 36 38 32 41 42 42 40 40 42 38 38 42 34 39 39 42 41 36 41 34 40 42 36 42 42 42 42 42 37 38 36 42 41 42 42 42 42 42 41 42 39
39 39 40 41 40 42 42 42 41 42 42 41 42 42 40 41 42 41 41 42 42 40 42 42 40 42 42 42 42 42 42 41 41 42 42 42 42 42 42 42 42 42 40 42 39 42 38 37 42 42 42 42 42 42 42 41 42 35 41 40 41 41 41 40 42 42 42 41 42 42 42 42 41 41 42 37 42 41 42 42 42 42 42 41 41 39
41 42 41 42 40 42 42 42 42 42 42 42 42 42 35 38 41 42 42 41 42 42 42 42 42 42 42 42 42 42 40 41 41 42 42 42 42 42 42 42 42 42 41 41 41 41 39 36 42 42 42 42 42 42 42 41 42 39 39 42 42 41 42 42 42 39 42 39 42 42 42 42 42 40 41 33 42 40 42 42 42 42 42 41 40 41
35 34 41 41 37 41 42 42 41 42 42 41 41 39 37 36 42 42 41 40 42 41 42 42 37 41 42 42 42 42 36 37 34 42 38 42 42 42 42 42 40 40 39 39 35 40 41 39 40 42 42 41 41 42 42 42 42 35 39 39 42 41 38 40 42 41 42 36 42 42 42 42 41 41 41 38 42 41 42 42 42 42 42 41 42 40
38 40 42 41 40 42 42 42 42 42 42 40 42 42 37 39 41 41 42 41 40 41 42 42 40 42 42 42 42 41 40 42 38 42 40 42 42 42 42 42 42 40 38 38 37 42 39 41 40 42 42 42 42 42 41 41 42 40 42 42 42 42 39 41 42 42 42 35 42 42 42 42 42 41 42 35 42 39 42 42 42 42 42 42 42 37
41 40 42 42 41 42 42 42 42 42 42 42 41 42 39 39 41 42 42 40 41 38 42 42 40 42 42 42 42 42 41 41 35 42 39 42 42 42 42 42 42 41 40 41 40 42 42 39 42 42 42 42 42 42 42 41 42 41 42 41 42 41 42 42 41 40 42 40 42 42 42 42 42 42 42 38 42 42 42 42 42 42 42 42 41 40
39 38 42 40 39 42 42 42 41 41 40 41 42 42 36 42 42 41 41 39 41 40 42 42 35 42 42 42 42 41 30 41 36 42 39 42 42 42 42 42 41 39 35 40 36 42 37 41 40 42 42 42 41 42 41 41 42 38 42 42 42 41 41 40 40 41 42 35 42 42 42 42 41 39 40 41 42 42 42 42 42 42 42 40 39 39
37 42 41 42 32 42 42 42 42 42 41 40 41 42 28 37 41 41 41 41 40 42 41 42 41 42 42 42 42 42 38 41 32 42 39 42 40 42 42 42 41 38 38 40 39 38 38 31 40 42 42 42 42 42 42 42 42 39 39 39 42 41 37 39 39 41 42 38 41 42 42 42 41 42 36 39 42 41 42 42 42 42 42 42 40 40
40 37 40 38 36 42 42 42 42 42 42 42 42 41 41 40 41 42 42 40 41 37 41 42 38 42 42 42 42 42 40 42 36 42 40 42 42 42 42 42 39 40 42 40 37 40 34 31 42 42 42 42 42 42 40 41 42 39 38 41 42 40 40 42 40 40 42 38 42 42 42 42 41 41 41 39 42 41 42 42 42 42 42 42 42 40
39 36 40 37 28 42 42 42 42 42 42 40 42 42 37 35 41 41 42 40 40 39 40 42 40 42 42 42 42 41 40 39 37 42 39 42 41 42 42 42 41 41 40 40 37 41 38 29 42 42 42 41 41 42 41 42 42 40 37 40 42 41 41 41 40 41 42 37 42 42 42 42 40 40 36 39 42 41 42 42 42 42 42 41 42 41
37 37 40 42 35 42 42 42 40 42 42 41 42 42 35 37 39 42 42 40 38 42 39 42 35 42 42 42 42 40 37 42 36 42 40 42 42 42 42 42 41 42 37 37 31 41 38 32 39 41 42 42 42 42 40 42 42 38 36 39 42 42 40 40 39 39 42 30 42 42 42 42 39 41 40 34 42 39 42 42 42 42 42 40 41 38
40 35 40 41 38 41 42 42 41 42 42 42 41 41 32 40 41 41 40 41 40 39 41 42 40 42 42 41 42 41 35 41 35 42 41 42 42 42 42 42 41 41 39 39 35 41 40 29 41 42 42 42 41 42 42 41 42 39 38 41 42 41 41 41 40 41 42 36 42 42 42 42 37 40 38 33 42 40 42 42 42 42 42 42 39 38
36 37 42 42 42 42 42 41 42 41 42 42 42 41 39 41 42 41 42 42 42 41 42 42 39 42 42 42 42 42 40 42 39 42 42 42 42 42 42 42 42 41 39 39 38 42 40 38 42 42 42 42 42 42 41 42 42 38 39 40 42 42 36 39 40 41 42 38 42 42 42 42 41 42 41 38 42 42 42 42 42 42 42 42 41 38
37 36 40 40 35 41 42 42 42 42 42 41 41 42 37 35 41 42 42 41 41 40 41 42 40 42 42 42 42 42 36 38 38 42 38 42 42 42 42 42 41 40 38 42 38 42 40 39 41 42 42 42 41 42 40 42 42 38 40 40 42 42 39 42 42 42 42 38 42 42 42 42 41 42 40 39 42 40 42 42 42 42 42 42 41 39
41 41 42 40 41 42 42 42 42 42 42 41 42 42 39 38 42 42 42 41 42 42 42 42 40 42 42 42 42 42 42 42 39 42 40 42 42 42 42 42 41 41 41 41 42 42 42 38 41 42 42 41 42 42 41 42 42 39 38 40 42 42 41 42 41 41 42 41 42 42 42 42 42 42 42 36 42 42 42 42 42 42 41 42 41 37
37 42 42 42 40 42 42 42 41 42 42 42 42 42 33 41 41 41 41 42 40 41 41 42 41 42 42 42 42 41 40 42 39 42 41 42 41 42 42 42 42 39 39 42 41 41 41 39 42 42 42 42 42 42 41 42 42 34 40 40 42 42 41 39 41 39 42 39 42 42 42 42 42 42 38 37 42 42 42 41 42 42 42 42 40 38
40 39 41 37 33 42 42 42 41 42 42 40 42 42 37 34 41 42 42 41 40 39 41 42 37 42 42 42 41 42 39 40 36 42 37 42 42 42 42 42 39 40 37 40 40 41 41 36 42 42 42 42 42 42 39 41 42 41 39 41 42 42 40 41 42 40 42 39 42 42 42 42 42 35 42 34 42 39 42 42 42 42 42 40 41 38
36 35 41 38 36 40 39 40 41 39 41 39 33 39 23 39 41 39 41 35 37 38 40 42 35 42 41 41 42 38 25 33 39 42 39 42 41 42 42 41 40 28 41 40 38 41 31 37 40 41 42 41 39 41 36 39 40 33 38 41 37 39 36 39 41 42 42 33 40 42 41 41 42 25 35 38 42 36 42 42 42 42 41 40 39 39
42 42 42 42 38 42 42 42 42 42 42 42 42 42 40 42 41 42 41 42 42 42 41 42 42 42 42 42 42 42 42 42 40 42 41 42 42 42 42 42 42 42 42 39 42 40 38 34 42 42 42 42 42 42 42 41 42 38 39 40 42 42 42 41 40 40 42 36 42 42 42 42 42 41 36 36 42 40 42 42 42 42 42 42 42 37
41 42 42 39 40 42 42 42 42 42 42 41 41 42 40 37 42 42 42 40 41 41 41 42 40 42 42 42 42 42 34 41 36 42 41 42 42 42 42 41 42 41 40 40 41 41 41 33 41 42 42 42 42 42 41 42 42 41 36 40 42 41 41 42 42 41 42 40 42 42 42 42 42 42 41 39 42 41 42 42 42 42 42 42 41 42
40 41 41 41 38 42 42 42 42 42 42 41 42 42 36 38 42 42 42 42 41 39 41 42 39 42 42 42 42 42 41 40 40 42 42 42 42 42 42 42 40 41 40 39 41 42 39 34 41 42 42 42 41 42 41 41 42 39 39 39 41 42 39 41 42 41 42 33 42 42 42 41 41 41 42 39 42 37 42 42 42 42 42 40 41 41
40 39 40 41 33 42 42 40 41 42 41 40 41 42 30 39 42 40 40 41 41 40 40 42 40 42 42 42 42 41 39 41 38 42 37 42 42 42 42 42 42 41 42 37 40 41 40 34 42 42 42 41 42 42 41 41 42 36 37 40 41 42 37 41 41 41 42 38 42 42 42 42 41 42 42 37 42 42 42 42 42 42 42 42 41 40
41 40 41 36 27 42 42 42 42 41 42 41 40 42 40 36 40 41 42 40 40 40 42 41 36 42 42 42 41 41 41 41 39 42 39 42 42 42 42 42 42 42 41 41 35 41 33 30 42 42 42 42 42 42 40 41 42 38 38 39 41 42 41 41 39 41 42 38 42 42 42 42 41 41 38 41 42 41 42 42 42 42 42 41 41 39
38 40 41 41 35 42 42 42 40 42 42 42 41 42 39 40 41 42 41 40 41 41 40 42 41 42 42 42 42 41 41 42 38 42 40 42 42 42 42 42 41 41 36 40 42 42 41 35 42 42 42 41 42 42 42 42 42 41 41 40 42 42 40 41 40 41 42 40 42 42 42 42 41 42 42 39 42 41 42 42 42 42 42 42 39 41
39 39 42 41 38 42 42 42 42 42 42 41 42 42 36 40 41 42 42 39 40 40 41 42 41 42 42 42 42 40 41 41 39 42 40 42 42 42 42 42 42 39 40 42 40 41 37 40 42 42 42 42 42 42 42 42 42 38 41 38 42 41 42 39 41 42 42 41 42 42 42 42 42 42 40 39 42 41 42 42 42 42 42 41 41 41
38 41 42 41 39 42 42 42 42 42 42 41 40 42 40 39 41 42 42 40 41 42 42 42 38 42 42 42 42 41 38 42 39 42 40 42 42 42 42 42 42 41 42 42 39 40 28 40 42 42 42 42 42 42 42 41 42 39 42 40 42 39 37 41 40 40 42 40 42 42 42 42 41 42 42 33 42 40 42 41 42 42 42 41 40 38
38 39 41 42 40 42 42 42 41 42 42 42 41 42 31 40 42 42 42 42 41 40 41 42 40 42 42 42 42 40 41 40 32 42 40 42 40 42 42 41 39 39 39 42 39 42 39 38 42 42 42 42 42 42 42 42 42 36 40 41 42 42 40 41 41 42 42 39 42 42 42 42 42 40 42 38 42 41 42 42 42 42 42 42 42 41
40 39 42 41 42 42 42 42 42 42 42 41 42 42 39 40 42 42 42 41 42 42 42 42 42 42 42 42 42 42 40 42 37 42 42 42 42 42 42 42 42 40 40 41 41 42 39 30 42 42 42 42 42 42 42 42 42 40 38 40 42 41 41 40 40 41 42 41 42 42 42 42 41 42 39 39 42 40 42 42 42 42 42 42 41 41
42 36 41 39 39 41 42 42 42 41 42 41 42 42 40 40 42 42 42 42 40 40 42 42 41 42 42 42 42 42 39 40 40 42 41 42 42 42 42 42 40 41 40 42 41 42 40 38 42 42 42 42 42 42 42 41 42 41 40 42 42 42 41 41 41 41 42 41 42 42 42 42 42 41 41 37 42 41 42 42 42 42 42 42 40 40
36 39 41 40 39 42 42 42 42 42 42 41 41 42 37 37 42 42 42 40 40 41 41 42 38 42 42 41 42 41 35 41 35 42 40 42 42 42 42 42 41 40 39 41 36 41 39 35 42 42 42 42 42 42 41 42 42 35 35 40 42 42 41 41 41 41 42 37 42 42 42 42 42 40 40 38 42 39 42 42 42 42 42 41 40 40
41 41 42 42 40 41 42 42 42 42 42 42 42 42 38 39 42 42 42 42 41 40 42 42 42 42 42 42 42 42 39 41 40 42 39 42 42 42 42 42 42 42 42 37 32 39 42 34 39 41 41 42 41 42 42 41 42 34 40 41 42 42 40 39 41 41 42 30 42 42 42 42 40 31 37 37 42 39 42 42 42 42 41 39 40 37
40 40 41 40 24 41 42 41 42 41 42 41 41 41 33 39 40 41 40 40 40 40 41 42 34 41 42 42 41 42 40 39 39 42 34 42 40 42 42 42 40 40 39 39 33 41 40 31 39 42 40 42 39 42 39 39 42 38 37 40 42 41 38 40 38 42 42 29 41 42 42 41 41 40 38 35 42 40 42 42 42 42 42 39 41 41
40 42 41 37 34 42 42 42 40 42 42 39 42 42 31 38 40 39 42 41 38 41 41 42 39 42 42 42 42 40 37 42 38 42 40 42 41 42 42 42 42 41 38 39 39 42 41 36 42 42 42 42 41 42 41 42 42 34 38 41 42 41 40 42 42 41 42 39 42 42 42 42 40 42 40 38 42 37 42 41 42 42 42 42 42 37
37 37 40 39 33 42 42 42 41 42 42 42 41 42 38 40 42 42 42 40 39 38 42 42 42 42 42 42 42 41 40 39 35 42 41 42 42 42 42 42 41 40 40 41 37 41 39 31 41 42 42 41 42 42 42 41 42 40 39 40 42 42 40 40 39 41 42 39 42 42 42 42 41 42 36 37 42 41 42 42 42 42 42 42 41 42
38 35 42 39 40 42 41 42 42 40 42 40 41 42 39 39 42 42 42 39 39 38 42 42 38 42 42 42 42 41 39 41 39 42 38 42 42 42 42 42 42 41 41 42 39 42 38 37 42 42 42 42 42 41 40 41 42 35 41 41 39 41 40 41 39 42 42 37 42 42 42 42 41 41 40 38 42 40 42 42 42 42 42 41 40 37
42 41 41 42 40 42 42 42 42 42 42 42 42 42 40 40 42 42 42 42 40 42 42 42 42 42 42 42 42 42 41 42 41 42 42 42 42 42 42 42 42 42 40 42 41 41 40 32 42 42 42 42 42 42 41 42 42 40 39 40 42 41 40 40 41 41 42 38 42 42 42 42 41 40 42 39 42 41 42 42 42 42 42 42 42 40
40 36 41 39 36 41 42 42 42 40 42 41 42 42 33 39 41 42 41 40 41 42 40 42 39 42 42 42 42 41 39 40 38 42 41 42 42 42 42 42 42 40 39 39 37 41 42 31 41 42 41 42 39 42 42 41 42 33 38 41 41 41 39 41 41 39 42 34 42 41 42 42 41 40 39 37 42 39 42 42 42 42 42 41 39 39
35 37 39 39 34 42 42 42 42 42 42 42 39 42 36 38 41 42 41 38 41 41 41 42 38 42 42 42 42 40 39 42 36 42 41 42 42 42 42 42 41 39 42 37 38 41 38 34 42 42 42 41 40 42 41 40 42 36 37 41 42 42 39 41 38 41 42 36 42 42 42 42 42 39 40 40 42 39 42 42 42 42 42 42 42 41
37 39 42 39 38 42 41 42 42 42 42 41 41 42 39 38 41 42 42 41 42 41 41 42 35 42 42 42 42 41 38 41 35 42 39 42 42 42 42 42 41 41 40 39 37 40 40 33 40 42 42 42 42 42 42 41 41 34 41 39 41 40 41 42 38 41 42 34 41 41 42 42 41 41 40 37 42 40 42 42 42 42 42 42 42 39
36 40 41 41 33 42 42 42 42 42 42 40 42 42 36 37 40 42 42 38 40 39 40 42 40 41 42 42 42 42 42 41 38 42 36 42 42 42 42 42 40 42 39 39 37 41 38 35 42 42 42 42 42 42 41 42 42 40 37 40 42 42 36 40 41 41 42 37 42 42 42 42 42 41 42 38 42 39 42 42 42 42 42 42 42 39
40 42 41 40 37 42 42 42 42 42 42 42 42 42 32 40 41 41 41 42 40 42 41 42 40 42 42 42 42 40 40 41 36 42 40 42 42 42 42 42 42 40 41 42 41 39 33 37 42 42 42 42 42 42 41 41 42 34 38 40 40 40 39 39 42 41 42 41 42 42 42 42 40 40 42 41 42 42 42 42 42 42 42 42 40 41
38 34 41 38 24 41 41 42 41 42 42 41 41 42 36 33 40 42 41 40 39 39 40 42 38 41 42 42 41 41 37 38 33 42 40 42 42 42 42 42 39 38 38 38 40 39 39 25 40 42 42 38 42 42 42 41 42 35 38 39 42 41 38 40 40 40 42 39 41 41 42 42 41 37 40 30 42 40 42 42 42 42 42 42 37 39
41 41 39 39 37 42 42 42 42 42 42 42 41 42 34 42 41 41 42 39 41 42 42 42 38 42 42 42 42 42 41 41 39 42 39 42 41 42 42 42 42 39 40 40 38 36 39 28 41 42 42 41 42 42 40 42 42 40 41 41 42 42 40 41 41 41 42 37 42 41 42 42 42 41 41 39 42 40 42 42 42 42 42 41 42 38
41 38 41 42 36 42 42 42 40 42 42 42 42 42 38 38 42 42 42 42 41 39 41 42 42 42 42 42 42 42 42 41 37 42 39 42 42 42 42 42 41 39 40 41 38 41 38 37 41 42 42 42 42 42 41 41 42 40 40 41 42 41 40 41 41 42 42 37 42 42 42 42 42 41 35 34 42 40 42 42 42 42 42 42 42 41
40 39 41 39 34 42 42 42 42 42 42 42 42 42 35 41 40 40 41 41 41 41 42 42 40 42 42 42 42 41 40 42 39 42 38 42 42 42 42 42 40 41 40 39 41 42 39 38 42 42 42 42 42 42 42 38 42 42 41 42 42 42 41 42 40 42 42 41 42 42 42 42 42 41 42 38 42 41 42 42 42 42 42 41 40 41
37 37 41 41 37 41 42 42 41 42 42 40 42 42 37 38 41 42 42 40 42 35 42 42 42 42 42 42 42 42 36 42 35 42 37 42 42 42 42 42 40 40 38 41 39 42 40 39 42 41 42 42 42 42 40 42 42 39 38 42 42 41 40 41 41 42 42 40 42 42 42 42 42 38 41 39 42 42 42 42 42 42 42 41 42 39
40 36 42 36 38 42 42 42 41 41 42 42 41 42 32 40 42 40 41 42 40 40 42 42 39 42 42 42 41 42 38 40 40 42 37 42 42 42 42 42 42 40 41 41 31 42 41 38 41 42 41 39 40 41 40 42 42 34 41 40 40 41 40 41 38 42 42 37 42 42 42 41 42 41 39 37 42 39 42 41 42 42 42 41 39 41
36 38 42 37 37 42 41 42 42 42 42 41 41 42 34 41 42 41 42 41 41 41 41 42 39 42 42 42 42 42 32 41 35 42 40 42 42 42 42 41 42 39 38 39 36 42 41 38 41 42 42 42 41 42 40 42 42 41 39 41 42 42 40 41 39 42 42 31 42 42 42 42 41 42 38 37 42 42 42 42 42 42 42 40 41 39
36 40 42 42 39 42 41 42 42 42 42 42 41 42 37 40 42 42 42 41 41 39 42 42 39 42 42 42 42 41 33 42 41 42 39 42 42 42 42 42 40 40 38 42 41 39 39 37 42 42 42 42 42 42 38 42 42 35 42 38 42 41 38 38 41 41 42 40 42 42 42 42 41 40 42 32 42 40 42 42 42 42 42 42 41 40
39 40 42 40 41 42 42 42 42 42 42 41 41 42 36 40 40 41 40 40 41 40 42 42 41 42 42 42 42 42 41 42 39 42 41 42 42 42 42 42 40 38 36 38 40 40 40 29 42 42 42 42 42 42 42 40 42 37 40 41 40 41 42 40 40 40 42 38 42 42 42 42 42 42 40 36 42 41 42 42 42 42 42 41 40 38
39 41 42 37 40 42 42 42 42 42 42 41 42 42 40 36 42 42 42 40 40 41 42 42 40 42 42 42 42 42 41 41 37 42 42 42 42 42 42 42 42 40 40 38 40 42 38 39 42 42 42 42 42 42 41 41 42 39 37 41 42 42 41 39 41 42 42 36 42 42 42 42 41 41 41 37 42 40 42 42 42 42 42 42 41 40
38 35 40 41 33 39 42 42 40 41 42 40 39 42 31 37 41 41 41 40 39 39 39 42 36 42 41 42 42 40 31 40 36 42 40 42 42 42 42 42 38 41 41 40 39 40 42 27 40 42 42 42 42 42 42 41 42 41 40 41 41 41 40 41 40 41 42 38 41 41 42 42 42 41 39 38 42 41 42 42 42 42 42 42 42 42
41 42 42 41 36 41 42 42 42 42 42 40 42 42 37 36 39 40 41 39 40 37 41 42 36 42 42 42 42 42 37 38 38 42 42 42 42 42 42 42 42 40 40 41 40 40 39 29 42 42 42 41 42 42 41 40 42 35 39 39 42 41 39 40 39 40 42 39 42 42 42 42 40 41 40 40 42 41 42 42 42 42 42 42 40 40
42 41 42 40 38 42 42 42 42 42 42 42 41 42 32 37 41 41 42 40 41 40 42 42 42 42 42 42 42 41 35 42 39 42 41 42 42 42 42 41 42 41 40 41 40 41 39 34 42 42 42 42 42 42 42 41 42 39 39 42 41 41 39 40 42 41 42 36 42 42 42 42 42 41 40 36 42 42 42 42 42 42 42 42 42 41
38 40 41 40 36 42 42 42 42 42 42 41 40 42 30 39 41 41 41 41 40 42 40 42 40 41 42 42 42 42 38 42 38 42 41 42 41 42 42 42 42 42 40 41 40 42 40 36 41 42 42 42 42 42 41 42 42 34 38 41 41 41 42 41 41 40 42 36 41 42 42 42 42 40 40 39 42 41 42 41 42 42 42 42 39 41
42 40 42 41 41 42 42 42 42 42 42 42 41 42 39 40 41 41 42 42 42 41 42 42 41 42 42 42 42 42 40 40 37 42 42 42 42 42 42 42 41 42 42 38 38 42 41 39 41 42 40 41 42 42 42 41 42 40 41 41 42 42 39 42 40 42 42 35 42 42 42 42 42 41 39 37 42 39 42 42 42 42 42 42 41 42
40 41 41 40 34 42 42 42 42 42 42 42 42 42 37 40 42 41 42 42 40 40 41 42 39 42 42 42 42 42 36 42 38 42 41 42 42 42 42 42 42 42 39 41 41 42 40 38 42 42 42 42 42 42 42 41 42 38 41 42 41 41 38 41 40 42 42 39 42 42 42 42 41 39 42 36 42 41 42 42 42 42 42 42 42 41
39 38 42 41 39 42 42 42 42 42 42 41 42 42 39 38 39 42 42 40 41 39 42 42 40 42 42 42 42 42 41 41 39 42 40 42 42 42 42 42 40 42 41 41 40 41 41 34 42 42 42 42 42 42 42 42 42 39 39 40 42 42 40 41 40 41 42 36 42 42 42 42 42 42 38 39 42 41 42 42 42 42 42 41 41 41
37 41 42 37 38 42 42 42 42 40 42 40 38 42 41 38 41 42 42 38 41 42 39 42 34 42 42 42 42 41 28 41 39 42 41 42 42 42 42 42 40 39 40 41 37 41 35 40 40 42 42 42 41 41 42 40 42 36 38 42 41 41 40 42 38 41 42 37 42 42 42 42 42 39 39 37 42 42 42 42 42 42 42 40 39 40
38 34 41 39 41 41 42 41 42 42 42 41 42 42 34 42 41 41 41 40 40 38 40 42 38 42 42 42 42 42 38 40 38 42 39 42 42 42 42 42 41 41 38 40 36 42 42 39 40 42 42 42 41 42 42 41 42 40 40 41 42 42 39 42 40 42 42 35 42 42 42 41 42 41 41 39 42 38 42 42 42 42 42 42 42 40
39 38 41 41 39 42 42 41 42 42 42 42 40 42 39 40 42 42 42 41 41 37 41 42 40 42 42 42 42 42 34 39 33 42 39 42 42 42 42 42 40 40 37 41 37 42 40 38 41 42 41 42 40 42 42 41 42 39 40 42 42 42 41 41 38 40 42 38 42 42 42 41 42 41 40 36 42 40 42 42 42 42 42 42 39 39
37 37 40 37 38 40 42 42 42 42 42 41 42 42 34 34 41 42 41 41 42 41 42 41 42 42 42 42 42 42 34 39 39 42 35 42 42 42 42 42 39 41 38 41 36 41 33 33 42 42 42 42 41 42 38 41 42 32 38 39 42 40 41 41 40 41 41 37 42 42 42 42 42 40 41 40 42 34 42 42 42 42 41 40 42 40
40 40 42 39 39 42 42 42 42 42 42 42 42 42 40 41 41 42 42 41 42 42 41 42 39 42 42 42 42 42 42 42 40 42 40 42 42 42 42 42 42 40 41 39 35 42 38 38 41 42 42 42 41 42 41 42 42 40 39 40 42 42 40 42 42 41 42 36 42 42 42 42 42 40 40 39 42 37 42 42 42 42 42 41 41 41
39 42 41 41 36 42 42 42 42 42 42 41 42 42 35 39 41 42 42 40 40 40 41 42 42 42 42 42 42 42 39 42 38 42 41 42 42 42 42 42 41 40 41 42 38 37 33 34 42 42 42 42 42 42 42 41 42 37 39 40 41 42 37 40 38 42 42 38 41 41 42 42 42 39 41 34 42 42 42 42 42 42 42 40 40 41
41 42 39 39 37 42 42 42 42 42 42 42 42 42 35 39 42 42 42 42 41 40 41 42 38 42 42 42 42 42 39 40 40 42 40 42 42 42 42 42 42 42 41 41 40 37 41 35 42 42 42 42 42 42 42 41 42 40 40 41 42 42 41 41 42 41 42 37 42 42 42 42 42 42 40 39 42 39 42 42 42 42 42 42 42 42
35 40 42 41 39 42 42 42 41 41 42 39 40 42 31 37 42 41 41 41 40 38 41 42 38 42 42 42 42 39 40 40 34 42 39 42 42 42 42 42 42 40 38 40 36 41 34 25 39 42 42 42 40 42 39 38 41 34 36 39 41 41 38 41 40 41 42 35 41 42 42 42 41 37 41 37 42 39 42 42 42 42 42 41 37 39
33 40 42 42 40 42 42 42 42 42 42 42 40 42 34 37 42 41 42 40 41 41 40 42 40 42 42 42 42 42 39 41 36 42 41 42 42 42 42 42 40 39 39 38 41 42 42 42 42 42 42 42 42 42 41 41 42 41 40 42 42 42 42 42 41 42 42 41 42 42 42 42 41 41 42 37 42 40 42 42 42 42 42 42 41 40
39 41 42 42 33 42 41 42 42 42 42 41 40 42 35 38 41 42 42 42 40 42 41 42 41 42 42 42 42 41 40 41 37 42 40 42 42 42 42 42 42 40 40 42 40 40 41 37 40 42 41 42 41 42 42 42 42 37 40 42 41 42 42 41 42 42 42 36 42 42 42 42 40 42 41 40 42 39 42 42 42 42 42 42 42 41
38 39 40 40 36 42 42 42 42 42 41 42 42 42 37 39 42 41 42 38 38 42 42 42 35 42 42 42 42 42 35 42 39 42 40 42 42 42 42 42 42 42 42 42 41 41 38 36 42 42 42 42 42 42 41 40 42 41 37 41 42 42 39 40 42 40 42 40 42 42 42 42 42 42 41 38 42 41 42 42 42 42 42 42 40 41
41 35 40 41 35 42 42 42 42 41 41 41 40 42 29 40 40 41 41 41 41 41 42 42 36 42 42 42 41 40 38 41 33 42 42 42 42 42 42 42 38 41 39 39 38 42 41 38 41 41 41 42 41 42 41 40 42 38 40 42 42 42 41 42 41 42 42 31 42 42 42 42 42 40 42 35 42 42 42 42 42 42 42 37 41 39
41 40 41 41 29 42 42 42 42 42 42 41 42 42 38 38 42 41 41 41 39 37 41 42 40 41 41 42 42 42 38 41 37 42 39 42 42 42 42 42 41 42 39 41 39 42 36 37 41 42 42 42 41 42 41 40 42 36 37 41 42 42 41 41 38 42 42 41 42 42 42 42 42 37 41 31 42 39 42 42 42 42 42 41 40 38
40 39 41 37 30 41 42 42 42 41 42 42 42 42 37 35 40 41 41 41 40 40 42 42 40 42 41 42 42 42 41 42 38 42 39 42 42 42 42 42 42 42 39 42 40 42 41 35 42 42 42 42 41 42 40 42 42 39 40 41 42 41 40 40 40 41 42 40 42 42 42 42 42 41 41 39 42 39 42 42 42 42 42 42 41 40
39 35 41 40 29 42 42 42 41 42 42 39 42 41 37 38 40 41 42 40 37 39 40 42 36 42 42 42 42 41 40 40 36 42 42 42 42 42 42 42 41 40 35 39 41 40 41 23 42 42 42 42 42 41 42 40 42 36 40 40 39 41 39 40 39 41 42 39 41 41 42 42 41 41 34 39 42 40 42 41 42 42 42 41 40 40
42 41 41 40 38 42 42 42 42 42 42 40 42 42 38 37 42 42 42 41 40 41 41 42 41 42 42 42 42 42 40 42 38 42 40 42 42 42 42 42 41 42 42 40 38 42 41 35 41 42 42 41 41 42 42 42 41 35 38 41 42 42 41 39 38 40 42 34 42 42 42 41 39 41 39 37 42 36 42 42 42 42 42 40 42 41
40 39 42 37 37 41 42 42 42 42 42 41 42 42 38 36 42 42 42 42 41 39 42 42 40 42 42 42 42 42 40 42 36 42 40 42 42 42 42 42 42 42 39 40 41 41 39 36 42 42 42 42 41 42 42 40 42 39 42 40 42 42 42 40 41 42 42 37 42 42 42 42 41 40 40 36 42 37 42 42 42 42 42 42 42 39
40 39 41 39 38 42 42 42 42 41 42 42 40 42 39 39 42 42 42 40 41 39 41 42 38 42 42 42 42 40 40 41 36 42 41 42 42 42 42 42 41 41 41 38 38 41 39 38 41 42 41 42 39 42 42 41 42 40 38 40 42 42 40 42 39 41 42 32 42 42 42 42 42 40 39 34 42 38 42 42 42 42 42 40 40 39
42 41 41 38 41 42 42 42 42 42 42 42 42 42 36 42 41 42 40 42 41 42 42 42 40 42 42 42 42 42 41 42 41 42 41 42 42 42 42 42 42 41 41 41 39 41 39 40 42 42 42 42 41 42 41 42 42 38 39 42 42 41 41 42 40 42 42 38 42 42 42 42 41 42 42 40 42 40 42 42 42 42 42 40 41 39
42 38 41 41 33 42 42 42 42 42 42 42 41 42 38 40 42 42 41 42 40 41 42 42 40 42 42 42 42 41 36 40 39 42 41 42 42 42 42 42 41 42 38 40 40 40 38 35 41 42 42 42 42 42 42 41 42 36 39 41 42 41 41 40 39 40 42 38 42 42 42 42 42 42 40 39 42 41 42 42 42 42 42 40 41 41
40 41 42 40 41 40 42 42 40 41 42 41 42 42 38 35 41 42 42 41 41 40 42 42 41 42 42 42 42 41 40 40 40 42 40 42 42 42 42 42 42 41 41 41 41 40 40 36 42 42 42 42 42 42 41 40 42 38 38 40 42 42 41 41 41 40 42 41 42 42 42 42 41 41 40 37 42 41 42 42 42 42 42 42 39 40
38 41 41 41 38 42 42 42 42 42 42 42 42 42 42 39 42 41 41 42 41 39 42 42 39 42 42 42 42 42 40 42 39 42 40 42 42 42 42 42 41 41 42 38 37 42 40 38 42 42 42 42 42 42 42 41 42 41 38 41 42 41 40 42 41 42 42 40 41 42 42 42 42 41 40 37 42 41 42 42 42 42 42 40 41 41
36 39 42 41 40 42 42 42 41 42 42 40 42 42 38 37 41 42 42 41 39 41 42 42 38 42 42 42 42 41 37 41 36 42 39 42 42 42 42 42 42 40 40 41 39 42 41 38 42 42 41 42 41 42 42 41 41 40 39 41 41 42 37 39 36 41 42 38 42 42 42 42 42 41 40 35 42 39 42 42 42 42 42 42 41 41
38 35 42 38 32 42 41 41 42 41 42 41 40 40 40 34 41 40 41 38 40 31 41 42 34 42 42 42 41 41 39 40 35 42 40 42 41 42 42 42 39 41 38 38 39 41 40 27 40 41 42 42 42 42 41 40 41 39 35 41 41 41 38 39 36 40 42 37 42 42 42 42 41 40 38 39 42 39 42 41 42 42 42 41 42 40
39 38 42 39 40 42 42 42 41 41 42 42 41 42 40 40 42 42 40 40 40 40 41 42 39 42 42 42 42 42 37 41 39 42 41 42 42 42 42 42 41 41 41 39 36 42 37 38 42 41 42 41 41 42 42 41 41 39 37 41 42 42 39 42 39 42 42 36 42 42 42 41 41 37 40 38 42 39 42 42 42 42 42 41 40 41
37 41 42 42 39 42 42 42 42 42 42 42 42 42 37 42 41 42 42 42 41 42 42 42 39 42 42 42 42 41 41 42 38 42 42 42 42 42 42 42 42 41 42 41 41 42 39 40 42 42 42 42 42 42 40 41 42 39 40 41 42 42 40 42 42 42 42 39 42 42 42 42 42 40 42 34 42 41 42 42 42 42 42 42 41 41
38 41 40 37 39 42 42 42 42 42 41 41 40 42 31 41 40 39 42 42 41 40 41 42 38 42 42 42 42 41 36 42 38 42 41 42 42 42 41 42 40 39 40 41 37 40 37 35 40 41 42 42 40 42 41 41 42 34 38 40 42 41 41 41 41 40 42 33 42 42 42 42 42 42 40 39 42 41 42 42 42 42 42 42 40 40
41 41 41 42 33 42 42 42 42 42 42 42 42 42 33 39 41 42 42 41 40 41 40 42 40 42 42 42 42 42 41 41 39 42 40 42 42 42 42 42 42 42 38 40 39 40 41 31 41 42 41 42 40 42 41 41 42 36 36 41 42 42 40 40 40 40 42 33 42 42 42 42 41 37 40 36 42 41 42 42 42 42 41 41 41 37
39 40 42 39 39 42 42 42 42 42 42 41 42 42 38 37 42 41 42 40 40 41 42 42 39 42 42 42 42 42 37 41 37 42 42 42 42 42 42 42 42 40 41 40 38 41 41 34 42 42 42 42 42 42 42 40 42 38 40 41 42 42 41 41 40 42 42 38 42 42 42 42 42 40 38 36 42 41 42 42 42 42 42 42 40 40
41 39 42 40 37 42 42 42 42 42 42 40 42 42 38 38 40 42 42 41 40 40 41 42 41 42 42 42 42 42 41 41 36 42 42 42 42 42 42 42 41 41 38 40 38 40 38 37 41 42 42 42 41 42 41 42 42 37 34 39 42 42 39 41 38 41 42 41 42 42 42 42 42 42 41 40 42 42 42 42 42 42 42 40 42 41
41 38 39 40 35 42 42 42 42 41 42 41 42 42 38 38 41 42 42 39 42 38 41 42 39 42 42 41 42 42 40 40 42 42 41 42 42 42 42 42 42 42 41 42 36 40 37 32 42 42 42 42 42 42 39 41 42 36 35 38 41 42 37 38 39 40 42 38 42 42 42 42 41 42 39 39 42 41 42 42 42 42 42 41 42 36
37 40 41 38 27 42 42 42 42 42 42 42 39 42 38 38 41 41 41 39 40 38 41 42 39 41 42 42 42 41 40 40 38 42 40 42 42 42 42 42 41 41 40 40 39 42 40 39 41 42 42 42 41 42 41 41 41 36 37 39 42 42 39 42 39 42 42 32 42 42 42 42 41 42 40 37 42 36 42 41 42 42 42 39 41 40
38 40 41 38 37 42 42 42 42 41 42 41 40 42 38 40 40 42 42 42 40 39 42 42 39 42 42 42 42 39 35 41 35 42 40 42 42 42 42 42 42 38 40 41 40 42 40 34 42 42 42 40 42 42 42 41 42 40 40 36 41 42 39 42 42 41 42 40 42 42 42 42 41 41 41 38 42 40 42 42 42 42 42 42 41 37
38 41 41 40 35 42 42 42 42 42 42 40 41 42 38 38 42 42 42 42 40 42 40 42 40 42 42 42 42 41 39 40 38 42 41 42 42 42 42 42 42 42 41 38 40 40 40 31 42 42 41 41 41 41 40 42 42 38 36 37 39 40 41 39 40 41 42 32 42 42 42 41 42 40 38 37 42 42 42 42 42 42 42 41 41 40
38 39 40 42 34 42 42 42 42 41 42 42 41 41 39 36 41 42 41 41 42 39 42 42 40 42 42 42 42 40 41 41 34 42 41 42 42 42 42 42 42 39 41 37 37 42 40 37 41 42 42 42 40 42 41 41 42 40 34 41 42 42 40 40 41 41 42 38 42 42 42 42 41 41 41 38 42 42 42 42 42 42 42 42 40 40
37 38 42 40 39 42 42 42 41 42 42 38 42 42 38 40 41 41 42 40 41 41 42 42 38 42 42 42 42 42 38 42 40 42 39 42 42 42 42 42 42 39 41 39 37 42 33 42 42 42 42 42 41 42 40 40 42 40 39 39 41 42 33 41 36 42 42 36 42 42 42 42 41 38 40 37 42 38 42 42 42 42 42 42 39 40
40 36 41 40 40 42 42 42 42 42 42 42 42 42 41 41 42 42 42 41 41 39 41 42 38 42 42 42 42 41 40 41 39 42 40 42 42 42 42 42 41 41 40 41 39 42 42 34 42 42 42 42 42 42 42 42 42 39 40 42 42 41 41 42 41 42 42 36 42 42 42 42 42 39 40 39 42 39 42 41 42 42 42 42 41 39
38 41 42 41 38 42 42 42 42 42 42 42 41 42 37 40 42 42 42 40 41 39 41 42 41 42 42 42 42 41 38 40 37 42 41 42 42 42 42 42 41 41 39 41 39 41 40 29 42 42 42 42 42 42 42 40 42 38 39 42 41 42 41 39 40 40 42 37 42 42 42 42 40 40 38 33 42 40 42 42 42 42 42 42 40 38
36 36 41 37 31 40 42 42 41 40 42 41 40 42 31 37 40 41 41 40 40 38 40 42 34 42 42 42 42 40 36 39 36 42 38 42 42 42 42 42 41 40 37 41 38 42 39 32 42 42 42 41 42 42 42 42 42 40 41 41 42 40 41 41 42 42 42 37 41 42 42 42 40 42 41 38 42 40 42 42 42 42 42 42 42 40
39 42 40 40 39 42 42 42 40 42 42 42 42 42 35 41 41 42 40 41 41 41 40 42 41 42 42 42 42 42 33 42 40 42 41 42 42 42 42 42 39 41 41 36 36 39 40 31 40 42 42 40 41 40 41 39 42 29 39 39 42 41 42 40 40 40 42 32 41 42 42 42 39 39 41 34 42 40 42 41 42 42 41 41 36 38
39 42 42 41 37 42 42 42 40 42 42 42 42 42 37 39 41 39 41 41 42 40 40 42 42 42 42 42 42 41 40 41 39 42 41 42 42 42 42 42 37 41 39 39 39 41 38 31 41 40 42 42 41 42 42 37 42 35 41 40 41 41 41 39 40 40 42 33 42 42 41 41 39 24 36 37 42 38 42 42 42 42 41 41 40 40
36 40 42 41 41 42 42 42 42 42 42 41 42 42 41 35 42 42 42 41 42 41 42 42 40 42 42 42 42 42 37 42 36 42 41 42 42 42 42 42 41 40 40 41 38 41 38 37 41 42 42 41 42 42 41 42 42 39 38 38 42 42 36 41 40 40 42 36 42 42 42 42 42 42 42 38 42 40 42 42 42 42 42 40 40 38
33 35 41 42 40 42 42 42 42 42 42 42 41 42 39 39 42 42 42 40 42 39 42 42 39 42 42 42 42 41 39 42 34 42 39 42 42 42 42 41 39 41 38 40 39 42 39 40 42 42 42 42 42 42 42 42 42 41 40 42 42 42 40 40 41 42 42 39 42 42 42 42 41 42 41 35 42 42 42 42 42 42 42 41 39 38
32 39 40 41 37 41 42 42 42 41 42 42 40 41 35 36 41 42 41 42 42 41 41 42 38 42 42 42 42 40 37 41 35 42 41 42 42 42 42 42 42 41 40 40 37 40 31 37 41 42 42 42 42 42 41 41 42 35 39 39 41 40 38 41 41 42 42 35 42 41 42 42 42 41 42 36 42 41 42 42 42 42 42 41 40 41
41 41 41 41 40 42 42 42 42 42 42 41 42 42 38 40 42 42 42 40 41 42 40 42 41 42 42 42 42 41 38 42 40 42 42 42 42 42 42 42 41 41 40 39 39 42 38 34 41 42 42 42 42 42 41 41 42 37 39 39 42 42 41 41 40 41 42 39 42 42 42 42 42 42 40 37 42 37 42 42 42 42 42 42 42 38
40 39 42 37 33 41 42 42 42 41 42 41 41 42 40 36 40 42 41 41 39 39 40 42 42 42 42 42 42 42 40 40 40 42 41 42 41 42 42 42 40 38 39 41 39 42 41 37 42 42 42 42 42 42 42 41 42 39 38 40 42 42 35 42 41 41 42 39 42 42 42 42 41 41 40 36 42 40 42 42 42 42 42 41 41 40
41 38 42 38 41 40 42 42 42 42 42 41 42 42 35 37 42 42 42 40 41 41 40 42 39 42 42 42 42 41 41 42 39 42 41 42 42 42 42 42 41 41 40 42 38 37 36 34 40 42 42 42 40 42 40 42 42 38 41 37 42 41 39 40 41 42 42 36 42 42 42 42 42 40 38 35 42 39 42 42 42 42 42 41 41 38
40 37 40 38 33 42 42 42 42 42 42 40 40 41 36 38 40 42 41 40 39 40 41 42 37 42 42 42 41 42 37 39 37 42 39 42 42 42 42 42 40 40 40 40 36 41 38 32 42 42 42 42 41 42 40 41 42 39 39 38 42 40 38 41 40 41 42 33 42 42 42 41 42 38 41 37 42 40 42 42 42 42 42 42 40 41
41 41 39 38 27 42 42 42 42 42 41 41 42 42 37 36 40 41 40 40 39 42 41 42 41 41 42 42 42 41 37 41 39 42 41 42 41 42 42 42 42 41 41 41 38 42 39 41 42 42 42 41 41 42 41 41 42 38 42 38 42 42 40 41 40 41 42 39 42 42 42 42 42 39 40 36 42 40 42 42 42 42 42 41 42 36
40 34 40 38 32 40 42 41 42 41 42 42 41 42 40 38 42 42 42 39 41 40 42 42 38 42 42 42 42 42 40 41 39 42 40 42 41 42 42 42 41 40 41 40 39 40 34 39 40 42 42 42 41 42 42 40 42 42 39 38 42 41 36 42 42 41 42 31 42 42 42 42 40 38 41 36 42 42 42 41 42 42 42 42 40 37
39 37 38 38 39 42 42 42 41 41 42 41 42 42 32 39 40 42 41 41 41 39 41 42 36 42 41 42 42 41 40 40 36 42 40 42 42 42 42 42 38 38 38 37 36 38 32 33 40 42 41 42 42 42 39 38 42 38 36 38 42 41 30 40 41 37 42 35 41 41 42 42 41 41 39 34 42 42 42 41 42 42 42 40 41 39
37 38 42 41 38 41 42 41 42 42 42 42 42 41 36 41 41 42 39 42 40 38 41 42 39 42 42 42 42 42 39 39 37 42 42 42 42 42 42 42 39 41 39 42 41 37 39 31 42 42 42 41 42 42 42 41 42 39 42 39 41 42 40 41 42 41 42 37 42 42 42 42 40 40 37 40 42 42 42 41 42 42 42 41 40 41
38 37 40 41 38 42 42 42 41 42 42 42 42 42 38 40 42 42 41 41 42 42 41 42 40 42 42 42 42 42 41 42 38 42 41 42 42 42 42 42 41 40 39 42 40 41 39 31 42 42 42 42 42 42 42 42 42 37 41 41 42 40 41 40 41 40 42 41 42 42 42 42 41 41 42 39 42 40 42 41 42 42 42 42 42 39
42 41 42 38 40 42 42 42 42 42 42 42 42 42 41 40 42 42 42 42 41 42 42 42 41 42 42 42 42 41 42 42 42 42 41 42 42 42 42 42 42 42 42 40 42 42 38 35 42 42 42 41 42 42 41 41 42 41 39 39 42 42 39 39 42 42 42 39 42 42 42 42 41 40 42 39 42 40 42 41 42 42 42 41 41 41
40 40 42 41 39 42 42 42 42 42 42 42 42 42 36 40 42 42 40 42 42 42 42 42 41 42 42 42 42 42 39 42 39 42 40 42 42 42 42 42 41 41 41 40 42 40 41 32 42 42 42 42 42 42 42 42 42 36 41 40 42 41 41 40 42 40 42 40 42 42 42 42 41 42 42 39 42 39 42 42 42 42 42 42 42 39
40 35 40 38 35 42 42 42 41 42 42 39 42 41 31 39 41 42 42 40 40 39 41 42 39 42 42 42 42 40 40 41 36 42 36 42 42 42 42 42 40 40 40 39 35 39 36 21 38 41 41 41 39 41 36 36 42 27 37 34 40 40 38 41 40 40 42 30 41 42 42 42 36 35 40 35 42 34 42 40 42 42 42 40 33 36
40 39 38 36 36 42 42 42 42 42 42 41 42 42 37 39 42 42 42 40 40 42 42 42 39 42 42 42 42 42 40 42 38 42 40 42 42 42 42 42 41 41 41 41 35 39 39 34 41 42 42 42 41 42 40 41 42 39 38 42 42 41 40 42 40 42 42 36 42 42 42 42 42 40 38 35 42 41 42 42 42 42 42 42 41 42
41 40 38 34 35 42 42 42 42 42 41 37 42 42 25 38 39 40 41 39 39 42 40 42 40 40 39 42 42 42 33 41 36 42 40 42 41 42 42 42 42 40 41 39 38 41 36 34 41 42 42 42 42 41 41 38 42 33 40 39 42 39 37 41 41 42 42 37 42 41 42 42 38 38 39 37 42 41 42 42 42 42 42 42 40 40
40 36 42 37 35 42 42 42 42 41 42 42 42 42 38 38 42 42 42 41 40 39 41 42 39 42 42 41 42 42 40 41 38 42 39 42 42 42 42 42 40 40 38 42 36 41 36 34 42 41 42 39 40 42 41 41 42 37 35 40 42 42 40 39 39 42 42 31 42 42 42 41 40 39 40 37 42 41 42 42 42 42 42 39 39 40
39 38 39 40 32 42 42 42 42 42 42 37 41 41 39 39 42 41 42 40 40 39 39 42 38 42 42 41 42 40 36 41 37 42 40 42 42 42 42 42 41 41 39 42 41 40 40 33 42 42 42 41 42 42 41 40 42 39 39 39 42 41 38 41 42 39 42 39 42 42 42 42 41 40 41 38 42 40 42 42 42 42 42 41 39 39
41 38 42 42 38 41 40 42 42 42 42 42 42 42 42 41 42 42 42 41 42 41 42 42 39 42 42 42 42 42 38 42 36 42 39 42 42 42 42 42 42 41 38 40 41 41 41 29 42 42 42 42 42 42 42 41 42 41 41 41 42 41 42 41 39 41 42 38 42 42 42 42 41 42 39 37 42 41 42 41 42 42 42 42 41 40
41 37 39 39 33 42 42 42 42 42 42 41 42 42 37 38 41 41 42 41 40 41 42 42 38 41 42 42 42 42 41 40 36 42 39 42 42 42 42 42 42 40 38 41 41 41 41 35 42 42 42 42 42 42 41 42 42 38 38 41 42 41 41 41 42 41 42 40 42 42 42 42 41 41 41 38 42 41 42 42 42 42 42 42 40 39
38 39 39 39 32 39 42 41 42 42 42 40 41 42 40 36 41 41 40 40 41 41 38 42 42 42 42 42 42 42 42 41 36 42 37 42 42 42 42 42 36 39 39 40 41 41 37 29 41 42 42 42 40 42 42 40 42 40 35 39 41 41 38 40 39 41 42 39 42 42 42 42 38 41 41 35 42 38 42 41 42 42 42 41 40 39
41 38 42 41 41 42 42 41 42 42 42 40 41 41 39 39 42 42 42 39 41 40 42 42 34 42 42 42 42 42 40 39 39 42 42 42 42 42 42 42 39 42 41 38 38 40 37 39 42 42 42 41 40 42 41 41 42 34 37 39 41 42 37 42 36 39 42 40 42 42 42 42 42 41 42 32 42 41 42 42 42 42 42 41 41 38
39 38 40 40 24 42 42 42 41 42 42 42 41 42 40 40 41 42 41 40 41 40 41 42 39 41 42 42 42 41 39 41 37 42 41 42 41 42 42 42 38 39 36 39 40 40 42 34 42 42 42 42 42 42 42 41 42 38 41 41 41 42 39 41 42 40 42 40 42 42 42 42 42 41 42 35 42 40 42 42 42 42 42 41 40 42
40 41 42 35 41 42 42 42 42 42 42 42 41 42 37 39 42 42 41 42 42 39 42 42 39 42 42 42 42 42 38 41 38 42 42 42 42 42 42 42 41 41 42 42 37 40 37 37 41 42 42 41 42 42 39 40 42 36 37 39 42 41 37 41 39 41 42 31 42 41 42 41 42 42 39 36 42 42 42 41 42 42 42 42 41 41
37 39 41 40 37 41 42 42 41 42 42 41 41 42 37 38 40 41 41 39 42 37 41 42 40 42 42 42 42 42 42 42 37 42 42 42 42 42 42 42 41 40 40 41 37 40 40 31 42 42 42 40 42 42 42 41 42 36 40 39 42 41 38 40 40 40 42 39 42 42 42 42 41 40 42 36 42 42 42 42 42 42 42 41 40 39
37 32 39 40 18 41 42 42 36 41 41 37 41 39 32 37 42 41 40 42 37 33 40 41 38 41 41 41 42 41 37 39 33 42 36 42 40 42 42 42 39 41 36 39 37 38 35 36 42 42 42 41 41 42 38 41 41 40 42 41 42 41 37 40 37 42 42 33 42 42 42 42 39 33 41 34 42 42 42 42 42 42 42 38 41 38
39 39 40 41 39 41 42 42 42 42 42 40 42 42 36 39 41 41 42 42 40 40 42 42 41 42 42 42 42 42 42 41 34 42 40 42 42 42 42 41 38 40 37 38 36 40 40 32 42 42 42 42 42 42 40 40 42 33 39 40 39 41 40 41 40 40 42 39 42 42 42 42 42 38 39 31 42 40 42 42 42 42 42 42 41 39
40 36 40 38 23 42 42 42 42 42 42 42 41 42 36 38 41 41 41 39 40 41 41 41 38 42 41 42 42 42 39 41 39 42 40 42 42 42 42 42 42 39 40 41 37 42 41 24 41 42 42 42 41 42 40 40 42 36 38 41 41 41 39 41 40 41 42 33 41 41 42 42 41 41 39 35 42 39 42 41 42 42 42 41 40 39
39 37 41 38 38 40 42 42 41 42 42 42 41 42 36 37 42 42 42 40 39 42 39 42 41 42 42 42 42 41 33 40 37 42 38 42 42 42 42 42 42 42 40 40 41 41 41 30 41 42 42 42 42 42 42 41 42 36 36 42 42 41 41 41 42 40 42 37 41 42 42 42 41 39 41 38 42 40 42 41 42 42 42 41 40 39
35 37 40 38 35 42 42 42 42 42 42 41 42 40 38 37 42 42 41 41 40 39 40 42 40 42 42 42 42 42 42 39 38 42 39 42 42 42 42 42 41 40 41 38 38 40 41 25 40 41 42 42 42 42 41 40 42 38 37 41 41 41 41 40 41 41 42 36 41 42 42 42 41 41 37 36 42 41 42 41 42 42 42 40 39 40
40 41 39 38 32 41 42 41 42 42 42 41 40 42 37 35 41 42 42 40 39 40 40 42 41 42 42 42 42 41 41 42 38 42 40 42 42 42 42 42 42 40 40 38 38 40 37 25 42 42 42 42 42 42 42 40 42 33 38 39 42 41 37 38 41 40 42 35 42 42 42 42 41 38 37 35 42 38 42 41 42 41 42 41 38 38
29 36 41 35 34 39 39 40 38 41 39 40 34 39 32 40 42 36 42 37 41 37 41 41 29 42 42 42 41 38 18 38 37 42 37 42 41 42 42 42 38 31 37 34 40 40 31 35 40 38 42 39 37 41 37 27 39 34 40 40 37 40 38 37 41 40 41 28 42 42 38 41 39 18 40 33 42 35 42 39 42 42 41 39 27 32
39 37 41 38 25 41 42 42 42 42 42 40 40 42 33 36 40 42 41 40 39 37 41 42 41 42 41 42 41 41 38 40 34 42 38 42 42 42 42 42 38 40 38 41 37 40 38 26 40 42 42 41 42 42 41 37 42 36 37 42 40 40 39 41 38 40 42 33 41 41 42 42 40 38 39 38 42 39 42 42 42 42 42 39 38 40
40 41 41 36 41 42 42 42 42 42 42 40 41 42 34 37 40 42 41 41 41 41 42 42 39 42 42 42 42 41 40 42 37 42 42 42 42 42 42 42 42 38 40 39 40 41 38 38 41 41 42 42 42 42 41 40 42 38 39 41 41 42 39 40 41 42 42 28 42 42 41 42 41 39 41 38 42 41 42 42 42 42 42 40 42 41
39 41 41 40 36 42 42 42 42 42 42 42 41 42 35 37 42 41 42 40 38 39 41 42 39 42 42 42 42 39 38 40 35 42 40 42 42 42 42 42 40 41 41 40 39 42 41 39 40 41 40 42 40 42 42 41 41 42 35 41 41 42 39 42 39 41 42 32 42 42 42 42 41 40 42 35 42 41 42 41 42 42 42 41 42 39
39 38 42 41 39 42 42 42 42 42 42 42 42 42 38 39 42 42 42 42 41 41 41 42 39 42 42 42 42 42 38 42 36 42 42 42 42 42 42 42 41 41 40 42 40 42 40 39 42 42 42 42 42 42 42 41 42 38 41 38 42 42 42 42 42 40 42 40 42 42 42 42 42 41 42 35 42 42 42 42 42 42 42 40 41 40
40 39 41 41 39 39 42 42 42 41 42 41 42 42 37 38 42 42 42 41 40 37 41 42 40 42 42 42 42 41 41 42 36 42 41 42 42 42 42 42 41 40 39 41 38 42 40 31 40 42 42 42 42 42 42 42 42 39 40 39 42 42 38 39 36 41 42 39 42 42 42 42 41 41 41 36 42 41 42 42 42 42 42 40 41 40
40 41 40 41 41 42 42 42 41 41 42 40 42 42 36 35 42 39 42 37 42 38 40 42 40 42 42 42 42 42 41 42 36 42 41 42 42 42 42 42 42 41 39 35 35 40 40 36 41 42 42 40 42 42 42 37 41 41 39 42 42 42 33 42 35 40 42 33 42 42 42 40 42 40 39 35 42 39 42 42 42 42 42 41 38 38
36 35 42 38 37 41 42 41 42 42 42 41 42 42 38 39 42 42 42 42 40 37 40 42 40 42 42 42 42 41 42 41 37 42 38 42 42 42 42 42 40 40 40 40 39 42 39 39 42 42 42 41 42 42 41 41 42 40 36 42 42 42 40 41 38 42 42 39 42 42 42 42 42 42 40 38 42 39 42 42 42 42 42 40 41 40
38 37 41 39 42 42 42 42 42 42 42 38 42 42 36 39 40 41 42 33 39 40 42 42 40 42 42 42 42 42 35 40 40 42 39 42 42 42 42 42 41 41 39 40 37 42 38 39 41 42 42 42 42 42 36 41 41 34 37 42 42 41 38 38 37 41 42 39 42 42 42 42 42 42 41 38 42 40 42 42 42 42 42 41 38 38
40 42 40 39 38 41 42 42 41 41 42 38 42 42 36 33 40 41 42 41 38 40 39 42 39 42 42 42 42 42 35 42 38 42 39 42 42 42 42 41 42 39 39 42 39 41 40 33 41 42 42 42 41 42 41 41 42 37 38 39 39 40 40 41 40 41 42 36 42 42 42 42 42 41 41 37 42 41 42 42 42 42 42 42 39 37
40 40 41 39 35 41 42 41 42 42 42 41 38 42 36 36 40 41 42 41 40 42 40 42 38 42 42 42 42 42 38 41 37 42 41 42 42 42 42 42 39 41 37 42 40 41 42 35 42 42 42 42 42 42 41 42 42 41 41 40 42 41 42 39 42 42 42 41 42 42 42 42 42 40 41 42 42 41 42 42 42 42 42 41 42 41
40 39 40 40 21 42 41 42 42 42 42 40 41 42 35 40 38 42 42 40 40 41 40 42 41 42 41 41 42 41 40 39 40 42 38 42 41 42 42 42 42 39 41 39 41 42 40 28 40 42 42 42 42 42 42 40 42 30 40 40 42 41 40 40 39 41 42 38 42 42 42 42 41 40 41 39 42 39 42 42 42 42 42 42 39 40
38 33 40 42 27 41 42 41 42 42 42 42 41 41 31 40 40 41 40 42 39 40 41 42 40 41 41 42 42 40 38 39 34 42 40 42 41 42 42 42 40 40 40 40 40 41 41 32 42 42 42 42 42 42 41 42 42 41 39 41 42 41 40 42 40 42 42 39 42 42 42 42 41 41 41 36 42 42 42 42 42 42 42 41 41 39
39 41 42 42 42 42 42 42 42 42 42 42 42 42 35 42 42 42 41 40 41 42 41 42 38 42 42 42 42 41 41 42 39 42 42 42 42 42 42 42 42 39 40 42 40 42 39 40 41 42 42 42 41 42 42 41 42 37 41 41 42 42 40 40 41 42 42 35 42 42 42 42 41 42 42 39 42 41 42 42 42 42 42 42 39 41
40 33 41 42 34 42 42 42 42 42 42 42 41 41 37 39 42 42 42 41 39 41 40 42 40 42 42 42 42 41 41 38 39 42 39 42 42 42 42 42 41 41 39 42 38 42 42 31 42 42 42 42 42 42 42 42 42 41 40 41 41 41 42 41 39 41 42 41 42 42 42 42 42 42 40 40 42 41 42 42 42 42 42 42 41 39
37 39 38 37 21 42 42 42 36 42 41 31 41 41 22 37 39 40 38 40 39 37 39 42 40 40 41 41 41 39 36 37 38 42 37 41 42 42 41 42 40 36 39 30 35 37 30 24 39 42 42 33 42 42 25 39 41 27 34 39 40 37 36 39 32 39 41 37 40 40 42 42 40 38 32 37 42 38 42 41 42 40 42 40 38 38
41 37 40 41 35 42 42 42 42 42 42 41 42 42 39 40 41 42 41 40 41 40 42 42 36 42 42 42 42 41 42 41 40 42 39 42 42 42 42 42 41 42 39 40 38 39 40 26 42 42 42 41 42 42 42 41 42 36 39 38 42 40 41 40 40 42 42 41 41 42 42 41 42 41 37 41 42 40 42 42 42 42 42 42 41 40
36 41 42 41 38 42 42 42 42 42 42 42 41 42 40 41 42 42 42 42 41 40 42 42 37 42 42 42 42 42 39 41 30 42 39 42 42 42 42 42 40 41 38 42 41 41 41 36 42 42 42 42 42 42 42 42 42 40 38 41 42 42 41 42 41 42 42 41 42 42 42 42 42 37 40 38 42 42 42 42 42 42 42 42 41 39
37 38 41 39 41 42 42 41 41 41 42 41 41 41 36 35 41 42 42 40 41 37 42 42 39 42 42 42 41 42 42 41 39 42 42 42 42 42 42 42 40 41 37 42 40 41 42 36 42 42 42 40 42 42 42 42 42 37 41 41 42 40 41 40 40 42 42 40 42 42 42 42 42 42 42 34 42 41 42 42 42 42 41 39 41 37
39 39 41 40 40 42 42 42 42 42 42 42 41 42 38 39 42 40 42 39 42 39 42 42 40 42 42 42 42 42 39 41 36 42 42 42 42 42 42 42 42 42 41 40 37 42 38 40 40 42 42 42 42 42 42 42 42 34 38 40 41 42 39 41 38 41 42 35 42 42 42 42 41 42 40 34 42 41 42 42 42 42 41 41 42 38
41 39 42 42 40 42 42 42 42 42 42 41 42 42 42 40 42 42 42 42 42 41 42 42 41 42 42 42 42 41 40 42 39 42 40 42 42 42 42 42 42 42 41 41 41 40 42 35 42 42 42 42 42 42 42 41 42 41 40 42 42 42 41 41 42 41 42 42 42 42 42 42 41 41 42 39 42 42 42 42 42 42 42 42 42 41
42 42 40 41 35 42 42 42 42 42 42 42 41 42 36 40 41 42 41 41 40 42 41 42 42 42 42 42 42 41 40 42 37 42 42 42 42 42 42 42 42 41 40 39 37 41 39 35 42 42 42 41 41 42 41 40 42 38 41 39 42 41 42 40 41 41 42 37 42 42 42 41 42 41 41 35 42 41 42 42 42 42 42 40 41 38
38 36 40 40 31 40 42 42 42 41 42 40 41 42 31 36 40 42 41 39 40 33 40 42 40 41 42 42 42 40 42 40 35 42 40 42 42 42 41 42 41 41 40 40 38 40 40 21 42 40 41 42 42 41 41 39 42 31 39 38 40 40 40 40 40 40 42 31 41 41 42 41 39 34 40 35 42 38 42 40 42 42 42 41 41 39
40 39 42 41 37 41 41 42 42 42 42 41 42 42 39 36 42 42 42 41 39 39 42 42 40 42 42 42 42 41 39 39 38 42 42 42 42 42 42 42 39 41 41 41 36 42 40 38 41 42 42 41 41 42 41 41 42 38 40 39 42 41 39 42 42 42 42 38 42 42 42 42 42 39 42 35 42 41 42 42 42 42 42 41 42 39
37 40 42 41 40 42 42 42 41 42 42 41 42 42 37 39 41 42 42 41 40 38 41 42 40 42 42 42 42 42 37 42 38 42 39 42 42 42 42 42 41 41 37 39 39 42 34 39 42 42 42 41 42 42 42 42 42 36 37 41 41 41 39 39 40 40 42 40 42 42 42 42 42 41 42 35 42 41 42 42 42 42 42 41 41 37
38 38 41 41 36 42 42 42 41 42 42 42 39 42 35 40 41 41 42 42 39 40 42 42 40 42 42 42 42 41 35 40 37 42 41 42 42 42 42 42 40 41 39 42 39 41 34 37 42 42 42 42 42 42 40 42 42 37 38 38 42 39 36 41 41 38 42 37 42 42 42 42 42 42 42 41 42 41 42 41 42 42 42 42 42 41
40 41 41 39 42 42 42 42 42 42 42 42 42 42 42 42 42 42 42 41 41 42 41 42 42 42 42 42 42 42 40 42 38 42 41 42 42 42 42 42 41 41 41 41 40 42 41 38 42 42 42 42 42 42 42 42 42 41 41 40 42 42 38 41 41 42 42 41 42 42 42 42 42 42 42 40 42 40 42 42 42 42 42 42 41 40
40 39 41 40 30 42 42 42 42 42 42 40 42 42 40 37 41 41 42 40 41 39 41 42 39 42 42 42 42 41 34 40 39 42 41 42 42 42 42 42 40 42 40 39 37 41 39 33 40 42 42 41 42 42 40 42 42 32 37 38 42 41 39 39 38 42 42 34 42 42 41 42 41 39 39 38 42 40 42 42 42 42 42 41 42 41
34 39 41 40 37 41 42 42 42 42 42 42 41 42 35 39 42 42 42 41 41 41 41 42 37 42 42 42 42 41 39 41 32 42 39 42 42 42 42 41 39 39 41 41 39 40 41 31 42 42 42 42 42 42 42 41 42 40 40 40 42 41 42 41 40 41 42 39 42 42 41 42 41 40 41 38 42 42 42 42 42 42 42 40 42 42
38 34 42 37 42 41 41 42 42 40 42 39 40 42 36 39 42 41 42 38 41 37 41 42 34 42 42 42 42 40 33 41 36 42 41 42 42 42 42 42 41 40 37 42 39 42 36 40 41 42 42 42 42 41 41 40 42 34 40 41 42 40 41 41 42 41 42 38 42 42 42 42 42 39 42 38 42 41 42 42 42 42 42 42 40 42
41 41 42 41 36 42 42 42 40 42 42 42 42 42 39 40 42 42 42 41 41 40 41 42 38 42 42 42 42 42 40 42 36 42 40 42 42 42 42 42 41 41 37 41 38 42 41 38 42 42 42 42 42 42 41 41 42 40 41 42 42 42 42 42 41 42 42 40 42 42 42 42 42 41 40 32 42 40 42 42 42 42 42 40 41 38
40 36 41 42 37 42 42 42 42 42 42 41 42 42 39 39 42 42 41 41 41 40 42 42 40 42 42 42 42 42 40 41 37 42 39 42 42 42 42 42 41 42 42 41 40 42 39 34 40 42 41 42 40 42 42 41 42 39 36 41 41 41 41 40 38 42 42 31 42 42 42 42 41 41 40 38 42 40 42 42 42 42 42 41 42 39
39 35 41 40 35 41 42 42 42 40 42 42 42 42 40 40 42 42 42 39 41 42 42 42 36 42 42 42 42 42 39 41 40 42 41 42 42 42 42 42 42 41 41 41 38 42 39 37 41 42 42 42 42 42 41 42 42 34 37 39 42 40 38 40 42 42 42 35 42 42 42 42 42 41 41 40 42 40 42 42 42 42 42 41 41 40
41 42 40 42 40 42 41 42 42 42 41 41 42 42 36 40 42 42 42 42 41 40 41 42 42 42 42 42 42 42 35 42 41 42 39 42 42 42 42 41 42 42 40 39 38 39 36 34 42 42 42 42 42 42 42 41 42 37 41 41 42 42 42 40 42 40 42 39 42 42 42 42 41 42 39 36 42 39 42 42 42 42 42 42 40 40
37 39 42 40 41 42 42 42 42 42 42 42 42 42 39 40 42 42 42 41 41 38 42 42 39 42 42 42 42 42 39 42 35 42 41 42 42 42 42 42 42 41 39 41 39 41 36 37 42 42 42 42 42 42 41 39 42 38 42 39 42 41 39 41 42 42 42 39 42 42 42 42 41 41 42 37 42 42 42 42 42 42 42 42 40 40
42 36 41 41 35 40 42 42 42 41 42 39 42 42 34 38 41 42 42 40 39 40 41 42 36 42 42 42 42 42 42 39 39 42 39 42 41 42 42 42 41 41 40 42 38 41 35 36 40 42 42 42 41 42 41 40 42 39 36 40 42 42 41 40 39 41 42 39 42 42 42 42 42 40 40 34 42 41 42 42 42 42 42 42 40 38
39 40 41 41 29 42 42 42 41 42 42 39 39 42 37 39 39 41 42 41 38 40 41 42 40 42 42 42 42 41 41 39 36 42 40 42 41 42 42 42 41 42 40 37 37 42 41 26 42 42 42 39 42 41 42 39 42 37 40 41 41 41 40 41 39 41 42 40 42 41 42 42 40 40 41 34 42 37 42 42 42 42 42 42 38 38
33 35 41 41 37 42 42 42 40 42 42 42 42 41 32 37 42 42 41 39 40 33 41 42 39 42 42 42 41 40 41 39 32 42 39 42 41 42 42 41 40 39 37 39 36 42 41 37 38 41 42 42 41 42 40 42 42 39 37 42 42 42 39 41 39 42 42 32 42 42 42 42 42 42 39 34 42 40 42 42 42 42 41 41 42 37
39 40 42 37 41 42 42 42 42 41 42 41 40 42 42 37 42 42 42 42 42 41 42 42 39 42 42 42 42 41 40 41 39 42 42 42 42 42 42 42 42 41 42 42 40 38 38 36 42 42 42 42 41 42 41 42 42 38 41 41 42 41 39 39 42 40 42 38 42 42 42 42 42 42 42 39 42 41 42 42 42 42 42 42 41 40
40 40 42 42 37 42 42 42 41 42 41 42 42 42 28 40 41 41 40 41 41 42 41 42 42 41 42 42 42 42 38 41 41 41 41 42 41 42 42 42 42 40 40 40 38 41 40 36 42 42 42 42 41 42 42 40 42 36 41 41 42 41 41 41 42 41 42 36 42 42 42 42 42 42 41 38 42 39 42 41 42 42 42 40 41 42
33 39 41 40 38 42 42 42 42 41 42 41 42 42 37 39 41 42 42 40 40 42 42 42 40 42 42 42 42 42 37 42 40 42 41 42 41 42 42 42 40 41 40 38 41 41 39 38 42 42 42 42 41 42 42 40 42 39 40 42 42 42 40 40 42 42 42 38 42 42 42 42 42 41 42 38 42 42 42 42 42 42 42 42 41 41
35 36 42 39 40 42 42 42 41 41 42 42 42 42 36 41 42 42 42 40 42 38 41 42 35 42 42 42 42 42 37 42 38 42 38 42 41 42 42 42 41 40 38 40 37 42 40 32 41 42 42 41 41 42 40 41 41 38 38 41 42 41 39 41 39 41 42 30 42 42 42 42 40 42 39 37 42 39 42 42 42 42 42 42 40 41
38 39 42 42 42 42 42 42 42 42 42 42 40 42 38 42 42 41 42 42 42 41 41 42 41 42 42 42 42 42 39 41 39 42 39 42 42 42 42 42 42 42 39 42 42 42 40 39 42 42 42 42 42 42 42 42 42 39 41 42 42 42 42 41 42 42 42 40 42 42 42 42 41 41 42 39 42 42 42 42 42 42 42 42 42 41
38 38 42 41 40 42 42 42 41 42 42 40 41 42 39 37 42 42 42 41 40 40 42 42 40 42 42 42 42 42 38 42 38 42 39 42 42 42 42 42 41 41 41 40 36 42 40 37 42 42 42 42 42 42 39 42 42 38 39 40 42 42 41 41 38 42 42 40 42 42 42 42 41 42 40 37 42 42 42 42 42 42 42 40 41 38
39 37 41 35 37 42 42 42 42 42 42 42 42 42 37 39 41 40 39 40 40 41 42 42 38 42 42 42 42 42 36 42 35 42 39 42 42 42 42 42 41 40 39 41 40 39 25 34 41 42 42 42 42 42 41 40 42 39 40 38 41 39 33 37 41 41 42 36 42 40 42 42 41 41 41 36 42 38 42 41 42 42 42 41 39 42
36 42 42 37 40 42 42 42 42 42 42 41 42 42 38 41 40 41 42 42 41 40 41 42 41 42 42 42 42 42 40 42 39 42 41 42 42 42 42 41 42 40 38 40 39 40 37 39 42 42 42 42 41 42 41 40 42 40 41 40 42 42 41 42 42 42 42 37 42 42 42 42 42 42 42 38 42 41 42 41 42 42 42 41 41 38
38 29 41 38 34 41 42 41 42 40 42 41 41 41 35 38 40 41 42 39 40 35 41 42 40 41 42 42 41 41 37 40 35 42 40 42 42 42 42 42 40 41 40 41 39 41 40 33 40 42 42 42 42 42 41 41 42 37 35 38 42 42 37 40 40 39 42 40 42 42 42 42 41 41 40 37 42 42 42 42 42 42 42 40 40 37
40 41 42 40 40 42 42 41 41 42 42 40 42 42 42 40 42 42 42 42 42 39 42 42 40 42 42 42 42 42 42 42 33 42 39 42 42 42 42 42 41 40 41 37 42 42 41 40 42 42 42 42 41 42 41 42 42 41 39 42 42 42 40 41 42 42 42 36 42 42 42 42 41 42 41 38 42 42 42 42 42 42 42 41 41 41
34 30 42 36 40 40 40 41 40 40 42 41 39 42 36 38 41 42 41 38 40 34 42 42 39 42 42 42 42 40 33 40 34 42 39 42 42 42 42 42 39 39 38 39 39 42 37 34 42 42 42 41 42 42 41 42 42 39 38 40 42 42 41 42 38 40 42 38 42 42 42 42 42 39 42 38 42 40 42 42 42 42 42 41 40 39
38 39 41 39 29 41 42 42 42 41 42 41 42 42 41 38 41 41 42 37 39 40 39 42 39 41 41 42 42 42 29 40 37 42 41 42 42 42 42 42 41 40 40 39 35 40 35 20 39 42 42 42 42 42 41 41 42 37 37 41 40 41 37 41 38 41 42 33 41 41 42 42 41 36 37 38 42 37 42 41 42 41 42 40 39 38
40 38 39 38 41 42 42 42 40 42 42 41 42 42 37 38 41 41 42 39 40 41 41 42 39 42 42 42 42 42 42 41 36 42 42 42 42 42 42 42 42 40 41 41 40 41 39 40 42 42 42 42 41 42 39 41 42 42 40 42 42 42 39 42 40 42 42 36 42 42 42 42 41 42 41 36 42 40 42 42 42 42 42 42 41 42
42 40 42 40 35 41 42 42 42 42 41 42 42 42 38 37 42 38 42 41 42 42 42 42 39 42 42 41 42 42 37 41 38 42 41 42 42 42 42 42 41 42 41 40 39 41 42 31 39 42 42 42 41 42 42 42 41 37 38 39 42 40 42 41 42 41 42 33 42 42 42 42 41 37 38 34 42 40 42 42 42 42 42 40 40 39
38 33 42 36 37 41 42 40 41 41 42 38 41 41 35 38 42 42 41 40 40 41 42 42 29 42 42 42 42 40 33 41 34 42 39 42 41 42 42 42 40 38 37 40 39 41 34 33 41 42 42 42 42 42 40 41 42 34 38 40 40 39 42 40 39 41 42 34 42 41 42 42 42 40 41 35 42 41 42 42 42 42 42 41 41 38
37 33 41 36 40 39 42 41 42 41 42 42 42 41 38 35 41 42 42 40 42 31 42 42 37 42 42 42 41 42 38 39 36 42 41 42 42 42 42 42 40 39 37 39 36 42 42 38 41 41 41 42 41 42 41 41 41 32 36 41 41 41 41 40 35 42 42 38 42 42 42 41 42 42 39 36 42 40 42 41 42 42 42 40 40 40
36 37 42 42 38 42 42 42 41 41 42 41 41 42 39 40 42 42 42 42 41 40 42 42 41 42 42 42 42 42 41 41 32 42 38 42 42 42 42 42 42 40 40 41 39 40 39 33 42 42 42 42 42 42 42 42 42 36 38 40 42 42 40 38 40 40 42 36 42 42 42 42 40 42 38 38 42 40 42 42 42 42 42 41 41 38
39 41 42 42 41 42 42 42 42 42 42 42 41 42 37 40 41 42 42 42 41 42 42 42 39 42 42 42 42 42 42 41 39 42 40 42 42 42 42 42 42 41 41 41 41 40 40 30 42 42 42 42 42 42 42 42 42 40 39 40 42 40 39 40 40 41 42 40 42 42 42 42 42 42 40 38 42 40 42 41 42 42 42 42 40 40
33 38 42 38 39 42 42 42 42 42 42 41 38 42 39 39 41 41 42 35 40 40 41 42 37 42 42 42 42 41 36 42 34 42 39 42 42 42 42 42 41 40 39 41 37 42 39 36 41 42 42 42 40 42 40 41 42 38 38 37 41 41 37 40 40 42 42 34 42 42 42 42 42 39 42 36 42 42 42 42 42 42 42 41 40 39
39 40 41 37 37 41 42 42 42 42 42 41 40 41 36 36 40 42 42 38 39 39 39 42 37 42 42 42 42 41 37 41 39 42 41 42 42 42 42 42 42 41 41 36 41 37 36 35 42 42 42 42 42 42 37 37 42 33 39 39 42 42 35 37 41 40 42 37 42 42 42 42 42 40 41 34 42 41 42 42 42 42 42 42 41 41
36 37 42 40 34 42 42 42 40 42 42 41 42 42 35 37 42 42 41 41 39 38 40 42 36 42 42 42 42 41 41 37 34 42 36 42 42 42 42 42 41 39 40 40 41 42 42 32 41 42 42 41 42 42 41 41 42 37 38 38 42 40 39 39 39 42 42 35 42 42 42 42 40 42 41 34 42 40 42 41 42 42 42 41 41 38
41 41 42 42 34 42 42 42 42 42 42 41 41 42 34 38 42 41 42 42 42 41 41 42 37 42 41 42 42 42 39 41 36 42 39 42 41 42 42 42 42 40 41 42 40 42 40 41 41 42 42 42 42 42 41 40 42 37 40 42 42 42 41 41 42 42 42 38 42 42 42 42 42 41 42 36 42 40 42 42 42 42 42 42 40 41
37 38 42 41 35 41 42 42 42 42 42 41 41 42 32 38 40 40 41 41 40 42 41 42 33 42 42 42 42 40 39 41 37 42 41 42 42 42 42 42 41 40 41 42 40 41 37 39 42 42 42 42 41 42 41 41 42 34 40 37 41 39 37 40 41 41 42 37 42 42 42 42 42 40 39 36 42 42 42 42 42 42 42 42 41 41
40 38 40 41 39 40 41 42 42 40 42 39 42 42 40 40 42 42 42 39 40 41 42 42 35 42 42 42 42 39 31 41 40 42 41 42 42 42 42 42 41 37 41 39 38 42 40 33 40 42 42 42 42 42 41 40 42 37 39 40 42 41 40 40 40 42 42 35 42 42 42 42 41 41 42 37 42 42 42 42 42 42 42 40 40 40
40 39 41 40 36 42 42 42 42 42 42 42 42 42 36 39 42 41 42 40 41 36 42 42 37 42 42 42 42 42 39 41 37 42 38 42 42 42 42 42 41 41 39 40 41 41 41 35 42 42 42 42 42 42 41 42 42 40 38 42 42 42 42 40 42 41 42 41 42 42 42 42 42 41 41 40 42 42 42 42 42 42 42 42 42 41
40 36 42 37 34 42 41 42 42 42 42 40 40 42 40 36 42 42 42 38 40 36 41 42 36 42 42 42 42 41 36 39 33 42 39 42 42 42 42 42 42 40 37 41 36 39 37 35 41 42 42 42 42 42 39 41 42 38 36 40 42 42 37 41 36 42 42 38 42 42 42 42 42 40 41 36 42 41 42 42 42 42 42 41 41 41
36 36 42 38 38 42 42 42 42 41 42 41 41 42 37 39 42 42 42 39 40 35 41 42 39 42 42 42 42 39 38 40 36 42 41 42 42 42 42 42 40 39 40 35 37 41 37 35 42 42 42 41 42 42 41 39 42 39 37 42 41 42 38 37 33 42 42 37 42 42 42 42 41 38 40 33 42 40 42 42 42 42 42 41 40 39
38 37 40 39 38 41 40 42 42 42 42 41 41 42 38 37 41 42 42 41 41 41 42 42 36 42 42 42 42 41 35 40 36 42 42 42 42 42 42 42 42 42 40 42 42 41 39 40 42 42 42 42 42 42 42 42 42 37 41 40 42 39 39 42 42 42 42 41 41 42 42 42 42 40 42 37 42 41 42 42 42 42 42 42 41 41
41 39 39 41 38 42 42 42 42 42 42 40 42 42 35 37 42 42 42 39 40 39 41 42 39 42 42 42 42 42 39 40 39 42 41 42 42 42 42 42 40 40 41 41 38 41 38 32 42 42 41 42 42 42 41 40 42 41 41 38 42 42 39 42 42 42 42 37 42 42 42 42 42 39 41 34 42 39 42 41 42 42 41 41 41 37
38 36 41 38 36 42 42 42 42 41 42 41 41 40 39 36 42 42 42 40 41 42 41 42 39 42 42 42 42 41 37 41 38 42 41 42 42 42 42 42 42 41 41 38 40 41 40 36 41 42 42 42 40 42 41 40 42 40 40 41 42 42 41 40 37 42 42 36 42 42 42 42 41 41 42 39 42 41 42 42 42 42 42 41 42 41
40 37 42 42 39 41 42 42 42 41 42 40 40 42 41 41 42 41 41 42 42 38 42 42 40 42 42 42 42 41 42 42 37 42 42 42 42 42 42 42 42 41 41 41 41 42 41 41 42 42 42 42 42 42 42 41 42 41 42 42 42 42 42 42 41 42 42 38 42 42 42 42 42 41 41 33 42 41 42 42 42 42 42 41 40 40
39 35 41 38 39 41 42 41 41 42 42 42 40 42 38 38 41 42 42 39 40 42 42 42 38 42 42 42 42 42 41 42 37 42 39 42 42 42 42 42 41 40 39 40 39 42 37 37 42 42 42 42 42 42 41 40 42 41 40 39 42 42 39 42 42 41 42 36 42 42 42 42 42 41 42 38 42 38 42 42 42 42 42 42 41 40
38 39 38 33 39 42 42 42 40 42 41 38 39 42 38 38 39 40 39 30 39 38 40 42 40 42 41 42 42 41 39 40 33 42 36 42 42 42 42 42 42 40 38 40 33 39 31 24 40 39 40 39 39 41 33 34 41 34 34 37 38 40 30 39 40 39 41 27 42 39 41 41 41 32 37 36 42 41 42 42 42 42 42 42 37 41
41 39 42 37 39 42 42 42 42 42 42 41 41 42 38 38 42 41 41 39 41 41 42 42 40 42 42 42 42 42 41 42 38 42 37 42 42 42 42 42 42 40 39 41 36 42 37 34 42 42 42 41 42 42 39 40 42 38 37 41 42 39 40 40 40 41 42 38 42 42 42 41 42 39 38 36 42 32 42 42 42 42 42 39 42 41
38 39 41 35 38 42 42 42 42 42 42 40 42 42 37 38 40 42 42 40 41 38 40 42 41 42 41 42 42 42 39 42 38 42 40 42 42 42 42 42 42 41 39 41 38 39 34 37 42 42 42 42 42 42 41 39 42 35 38 40 42 39 40 40 42 42 42 39 42 42 42 42 41 41 41 36 42 40 42 42 42 42 42 42 41 42
37 39 42 37 40 42 42 42 42 42 42 41 41 42 40 35 42 42 42 41 42 38 40 42 41 42 42 42 42 42 36 41 35 42 39 42 42 42 42 42 39 41 39 34 35 38 38 36 41 42 42 41 42 42 39 41 42 39 37 40 42 42 40 40 37 39 42 34 42 42 42 42 41 41 41 34 42 41 42 42 42 42 42 40 40 39
37 37 41 35 39 41 42 42 42 39 41 40 37 42 36 39 41 42 42 36 41 39 41 42 37 42 42 42 42 42 31 40 36 42 38 42 42 42 42 42 42 38 40 42 39 40 38 38 42 41 42 42 42 42 42 40 42 42 42 42 42 42 40 42 41 42 42 38 42 42 42 42 42 38 42 37 42 41 42 42 42 42 42 42 41 42
40 38 42 38 40 41 42 42 40 41 42 41 42 42 38 39 41 42 39 41 42 40 42 42 40 42 42 42 42 42 39 42 31 42 42 42 42 42 42 42 41 41 41 40 38 40 40 41 41 42 41 41 42 42 40 41 42 38 41 41 42 42 41 42 41 42 42 35 42 42 42 42 42 41 40 33 42 41 42 42 42 42 42 42 40 39
37 39 41 34 40 41 42 42 42 42 42 41 41 42 34 37 40 41 41 39 40 41 41 42 39 42 42 42 42 42 41 41 39 42 42 42 42 42 42 42 42 40 40 42 38 41 40 38 42 42 42 42 41 42 41 41 42 39 39 42 42 42 40 40 40 40 42 42 42 42 42 42 42 40 40 36 42 41 42 42 42 42 42 42 41 40
41 38 41 37 39 42 41 42 42 42 42 41 42 42 36 39 41 38 42 38 42 39 42 42 37 42 42 42 42 42 36 41 39 42 42 42 42 42 42 42 41 40 41 37 37 41 35 32 42 42 42 41 41 42 41 40 42 39 41 40 40 42 41 38 40 42 41 35 42 42 42 42 41 37 42 37 42 41 42 42 42 42 42 41 40 41
38 42 41 40 37 42 42 42 42 42 42 42 41 42 41 39 42 42 41 41 40 42 41 42 41 42 42 42 42 42 42 40 36 42 41 42 42 42 42 42 42 38 40 37 41 39 41 37 41 41 41 41 42 42 42 38 42 38 41 36 42 42 39 40 41 41 42 32 42 42 42 42 39 41 41 35 42 41 42 42 42 42 41 38 39 40
41 37 41 36 35 42 42 42 42 42 41 39 41 42 29 37 41 41 41 41 41 39 41 42 39 41 42 42 42 42 38 41 39 42 41 42 42 42 42 42 42 41 40 40 36 36 29 25 40 42 42 42 41 42 41 37 42 28 38 37 41 41 38 39 37 38 42 32 42 41 42 42 41 36 38 38 42 40 42 41 42 42 42 42 40 39
39 36 40 39 38 42 42 42 41 41 42 41 38 42 33 36 41 42 42 39 40 41 40 41 36 42 42 42 42 41 31 40 34 42 41 42 42 42 42 42 40 41 38 42 36 38 32 40 41 42 42 42 39 42 40 41 42 38 41 40 42 42 35 42 39 38 42 37 42 42 42 42 41 40 40 38 42 40 42 42 42 42 42 42 42 42
37 28 38 33 37 39 42 39 37 41 41 35 35 41 29 29 37 38 39 31 38 31 42 42 36 41 41 42 39 39 34 38 35 42 40 42 42 42 42 41 39 39 37 38 31 38 25 20 37 41 42 40 38 38 31 32 40 25 33 34 37 38 27 35 33 35 41 26 39 40 40 40 37 29 4 27 42 35 41 37 41 41 41 40 35 36
41 37 41 33 32 41 41 41 42 41 42 37 40 42 37 36 41 41 41 38 41 38 42 42 35 42 41 42 42 42 35 39 36 42 37 42 42 42 42 42 42 41 40 42 39 41 34 37 42 42 42 39 42 41 41 40 42 30 39 37 39 38 38 41 40 41 41 39 41 42 42 42 42 39 36 36 42 42 42 42 42 42 42 42 38 39
41 39 39 36 33 42 42 42 42 42 42 40 42 42 34 36 40 41 42 42 38 42 39 42 40 42 42 42 42 41 35 37 38 42 38 42 42 42 42 42 39 41 41 40 39 40 37 29 40 42 42 42 40 42 38 41 42 36 35 38 41 42 40 40 39 40 42 36 42 42 42 42 41 39 37 38 42 39 42 41 42 42 42 42 41 41
39 39 42 40 39 42 42 42 42 41 42 40 42 42 38 36 41 42 41 39 42 39 42 42 40 42 42 42 42 42 38 42 41 42 40 42 42 42 42 42 41 42 40 42 38 42 34 37 42 42 42 41 42 42 40 39 42 35 37 40 42 40 39 38 40 41 41 40 42 42 42 42 41 37 40 36 42 42 42 42 42 42 42 42 39 41
41 38 38 32 32 41 42 42 42 40 42 39 42 42 38 35 38 41 41 37 39 40 39 42 38 42 41 42 42 42 36 42 39 42 40 42 42 42 42 42 41 42 38 41 39 40 40 23 42 42 42 42 42 41 37 40 42 37 37 37 41 39 38 39 41 38 42 38 41 42 42 42 40 41 37 36 42 41 42 42 42 42 42 42 40 40
38 38 42 41 37 41 42 42 42 42 42 40 41 42 36 35 42 41 41 38 41 41 41 42 38 42 42 42 42 42 38 40 39 42 42 42 42 42 42 42 41 41 41 37 37 41 40 27 42 41 41 42 42 42 41 40 42 39 39 38 42 41 35 41 36 39 42 31 42 42 42 41 40 40 40 33 42 38 42 42 42 42 42 40 39 39
34 37 42 38 38 42 42 42 41 42 42 40 41 41 35 36 42 41 41 38 40 37 42 42 37 42 42 42 41 41 39 40 38 42 39 42 42 42 42 42 42 37 40 40 35 41 38 28 41 42 42 41 41 42 42 41 42 36 41 40 40 41 39 41 39 42 42 36 42 41 42 42 41 42 41 36 42 41 42 42 42 42 42 42 40 39
