8.97674
9.16279
9.25581
9.02326
9.32558
9
8.86047
8.81395
8.97674
8.90698
8.69767
8.67442
8.02326
9.16279
8.88372
9.30233
8.62791
9.30233
9.27907
9.27907
9.18605
8.7907
9
9
9.34884
9.2093
8.74419
9.18605
9.27907
8.88372
9.04651
9.2093
9.04651
8.93023
9.11628
8.74419
8.86047
8.93023
8.83721
8.97674
9.32558
8.95349
9.34884
9.30233
8.97674
9
9.13953
8.62791
8.7907
9
9.23256
9.4186
9.25581
9.06977
8.93023
9.30233
9.06977
8.97674
9.16279
9.34884
9
9.02326
9.04651
9.30233
9.39535
9.32558
9.23256
9.23256
8.55814
9.18605
8.83721
9.18605
9.2093
9.06977
9.39535
9.02326
9.13953
8.86047
9.23256
8.97674
8.95349
9.02326
8.88372
9.34884
8.95349
9.11628
8.95349
9.13953
9.53488
8.69767
9
9.25581
9.34884
9.09302
8.90698
9.13953
9.23256
9.16279
9.27907
9.16279
9.5814
9.02326
9.27907
8.5814
8.7907
8.60465
8.72093
9.37209
9.34884
8.65116
9.04651
8.93023
9.23256
9.44186
9.25581
8.67442
9.04651
8.95349
9.2093
9.23256
8.83721
9.39535
9.04651
9.23256
9.09302
9.18605
9.04651
8.86047
8.93023
9.34884
9.23256
9.06977
8.93023
8.97674
9.06977
8.86047
9.09302
9.13953
9.44186
9.30233
9.30233
9.23256
8.7907
9.04651
9.23256
9.23256
9.44186
9.16279
9.30233
9.25581
9.25581
9.11628
9.04651
8.90698
9.13953
9.25581
9.25581
8.95349
9.16279
8.83721
9.23256
9.34884
8.97674
8.86047
9.32558
9.4186
9.16279
8.97674
9.34884
9.23256
9.32558
9.27907
9.09302
9.37209
9.04651
9.16279
9.18605
9.32558
9.02326
8.97674
9.11628
9.46512
9.30233
8.86047
8.88372
9.23256
9.13953
8.62791
9.30233
9.09302
9.2093
8.30233
9.06977
9.25581
9.09302
9.18605
9.23256
9.39535
9.27907
9.32558
9.11628
9.32558
9.27907
9.13953
9.02326
9.2093
9.13953
8.93023
9.06977
9.02326
8.95349
8.83721
9.13953
9.44186
9.25581
9.27907
9.23256
8.81395
9.16279
8.32558
9.13953
8.62791
9.51163
9.04651
8.90698
8.30233
8.81395
9.02326
9.11628
9.25581
9.13953
9.09302
9.23256
9.04651
9.04651
9.13953
8.83721
9.16279
9.34884
9.11628
8.13953
9.2093
9.44186
8.62791
9.13953
9.46512
8.67442
8.69767
9.2093
9.32558
9
9.39535
9
9.13953
8.95349
9.11628
9.27907
9.2093
9.34884
9
8.93023
9.27907
8.88372
9.18605
9.02326
9
8.7907
9.2093
9.32558
9.2093
9.2093
9.16279
9.06977
8.90698
9.13953
9.4186
9.04651
8.95349
9
9.18605
9.30233
9.32558
9.09302
9.04651
9.04651
9.11628
9.34884
9.30233
9.13953
9.06977
9.37209
9.04651
8.83721
8.97674
8.93023
8.65116
9.55814
8.4186
9.16279
9.06977
9.32558
9.02326
9.04651
8.88372
9.13953
9.23256
7.97674
8.7907
9.18605
9.44186
9.30233
9.18605
8.90698
