5 11 10 12 9 12 10 12 7 13 1 12 11 3 3 5 11 11 11 12 5 7 5 7 11 11 7 1 5 9 10 2 5 11 1 15 14 15 15 14 10 14 12 5 10 11 13 7 12 10 12 7 13 1 13 11 3 3 5 11 11 11 12 5 7 5 7 9 11 7 1 5 10 9 2 5 11 1 15 14 15 15 13 10 13 14
4 11 10 13 8 12 10 12 7 13 1 12 11 4 2 5 11 10 11 12 5 7 5 7 11 11 7 1 5 10 9 3 4 11 1 15 15 15 15 15 15 15 13 3 11 11 13 8 13 10 12 7 12 1 12 10 4 2 5 11 11 11 12 5 7 5 7 10 11 7 1 5 10 10 3 5 10 1 15 15 15 15 14 15 14 15
5 11 11 13 10 13 11 12 7 13 1 13 11 4 4 5 11 11 11 13 5 7 5 7 10 11 7 1 5 10 10 2 5 11 1 15 15 15 15 14 11 15 11 5 11 10 13 11 12 11 12 7 13 1 13 11 4 4 5 11 11 11 13 5 7 5 7 10 11 7 1 5 10 11 2 5 11 1 15 15 13 13 14 14 15 12
5 11 11 12 7 12 10 12 7 12 1 12 11 5 3 5 11 10 11 12 5 7 5 7 10 11 7 1 5 10 10 3 3 11 1 15 15 15 15 13 12 15 13 4 11 11 12 6 12 10 12 7 12 1 13 10 4 4 5 11 11 11 12 5 7 5 7 9 11 7 1 5 8 11 3 4 11 1 15 15 15 15 13 13 15 12
5 11 9 12 10 12 10 12 7 12 1 12 11 5 3 5 11 11 11 13 5 7 5 7 11 11 7 1 5 9 11 3 5 11 1 15 15 15 15 15 15 15 14 5 10 11 13 7 12 11 12 7 13 1 13 10 4 4 5 11 11 11 13 5 7 5 7 10 11 7 1 5 11 9 3 5 11 1 15 14 15 15 15 15 15 15
3 11 11 12 9 12 10 11 7 12 1 13 10 3 4 5 11 10 11 12 5 7 5 7 11 11 7 1 5 9 10 2 4 11 1 15 15 14 14 15 13 14 13 4 11 11 12 7 11 9 13 7 12 1 13 11 4 3 5 11 10 11 13 5 7 5 7 10 11 7 1 5 10 10 2 3 11 1 15 15 15 14 15 11 15 13
2 11 11 12 9 11 11 11 7 12 1 12 11 3 2 5 11 10 11 12 5 7 5 7 11 11 7 1 3 10 11 2 2 11 1 15 15 15 14 14 12 15 12 2 11 11 12 6 12 11 11 7 13 1 13 11 3 2 5 11 10 11 12 5 7 5 7 11 11 7 1 3 10 11 2 2 11 1 15 15 15 13 15 15 13 11
2 11 11 13 10 13 8 10 7 13 1 13 11 2 3 5 11 10 11 13 5 7 5 7 10 11 7 1 3 10 10 2 2 10 1 15 15 14 14 15 10 15 12 2 11 11 13 11 11 10 11 7 13 1 13 11 2 3 5 11 10 10 13 5 7 5 7 11 11 7 1 3 9 10 2 2 9 1 15 14 15 14 15 12 13 12
3 10 7 13 9 13 8 12 7 12 1 13 8 5 4 5 11 10 11 13 5 7 5 7 9 11 7 1 5 8 9 3 4 11 1 15 14 15 15 13 14 14 13 4 11 11 13 10 12 9 13 7 12 1 13 9 4 4 5 11 11 11 12 5 7 5 7 10 11 7 1 5 9 9 4 3 11 1 15 15 15 15 14 14 15 10
3 11 11 13 7 11 10 11 7 13 1 13 11 4 3 5 10 8 10 13 5 7 5 7 10 11 7 1 2 10 10 2 3 11 1 15 15 15 15 13 15 14 14 2 11 11 12 10 13 9 10 7 12 1 12 10 3 4 5 10 9 11 12 5 7 5 7 11 11 7 1 3 8 11 2 3 11 1 15 15 15 15 15 14 15 12
2 11 10 12 6 11 7 12 7 11 1 12 10 3 2 5 11 10 11 12 5 7 5 7 11 11 7 1 3 9 9 2 2 11 1 15 15 14 15 15 15 15 12 2 11 10 12 6 12 9 10 7 12 1 12 10 3 2 5 10 10 10 12 5 7 5 7 10 11 7 1 3 11 10 2 2 11 1 15 15 15 15 14 13 15 14
3 9 11 12 7 12 9 12 7 12 1 12 11 4 2 5 10 10 10 12 5 7 5 7 11 11 7 1 4 9 10 2 5 11 1 15 13 15 15 15 10 12 10 4 11 11 12 6 12 9 12 7 12 1 13 10 3 3 5 11 11 11 12 5 7 5 7 10 11 7 1 5 8 10 2 3 11 1 15 13 14 14 14 11 13 11
2 9 11 12 7 7 8 8 7 7 1 12 11 2 2 5 8 8 10 9 5 7 5 7 9 11 7 1 2 7 8 2 2 10 1 15 15 15 14 13 13 15 14 2 11 10 9 6 8 8 8 7 10 1 13 10 2 2 5 9 9 9 8 5 7 5 7 8 11 7 1 2 6 10 2 2 11 1 15 15 15 15 15 12 12 15
3 11 10 13 7 12 10 12 7 12 1 13 11 4 4 5 11 11 11 12 5 7 5 7 11 11 7 1 5 11 9 3 5 11 1 15 14 15 15 15 13 14 14 4 11 10 13 8 12 10 12 7 12 1 12 11 4 3 5 11 11 11 12 5 7 5 7 11 11 7 1 5 11 9 4 4 11 1 15 15 15 15 15 14 14 12
3 10 11 13 8 13 10 12 7 13 1 10 11 3 3 5 11 11 11 12 5 7 5 7 10 11 7 1 5 7 10 2 2 11 1 15 14 14 15 14 14 14 12 3 10 10 13 9 11 11 11 7 12 1 13 11 4 2 5 11 10 11 12 5 7 5 7 10 11 7 1 4 10 10 2 3 11 1 15 15 15 15 14 14 15 9
4 11 11 13 7 13 9 13 7 13 1 13 11 4 3 5 11 11 11 12 5 7 5 7 11 11 7 1 5 10 11 2 4 11 1 15 15 15 15 15 15 14 15 4 11 11 12 11 12 11 12 7 12 1 13 10 3 4 5 11 11 11 12 5 7 5 7 10 11 7 1 5 11 10 2 4 11 1 15 15 15 15 15 15 15 14
3 9 11 13 7 12 10 11 7 12 1 13 10 2 3 5 10 9 9 13 5 7 5 7 9 11 7 1 3 9 8 2 2 10 1 15 13 15 15 15 14 13 14 2 11 11 13 9 11 8 12 7 12 1 12 10 2 3 5 9 8 9 12 5 7 5 7 10 11 7 1 4 8 10 2 2 10 1 15 15 15 15 15 13 14 12
5 11 11 13 9 12 11 13 7 13 1 13 11 4 3 5 11 11 11 13 5 7 5 7 11 11 7 1 5 10 11 4 3 11 1 15 14 15 14 15 12 13 15 4 11 11 13 11 12 11 12 7 13 1 13 11 5 2 5 11 11 11 12 5 7 5 7 10 11 7 1 4 11 11 4 5 11 1 15 15 15 15 13 11 15 14
4 11 10 13 10 12 10 12 7 13 1 13 11 5 3 5 11 10 11 13 5 7 5 7 9 11 7 1 5 9 10 3 5 11 1 15 15 15 15 15 15 15 14 5 10 10 13 10 12 11 12 7 13 1 13 10 4 4 5 8 11 11 13 5 7 5 7 10 11 7 1 5 9 10 3 4 11 1 15 15 15 15 15 15 15 14
3 11 10 13 9 13 11 12 7 13 1 13 11 5 5 5 9 10 11 13 5 7 5 7 11 11 7 1 5 10 11 2 4 10 1 15 14 15 15 15 14 15 14 4 11 11 13 11 13 11 12 7 12 1 13 11 4 4 5 10 10 10 12 5 7 5 7 10 11 7 1 5 10 10 4 3 11 1 15 15 15 15 15 15 15 12
5 11 11 11 5 12 10 12 7 13 1 13 11 5 4 5 10 9 10 12 5 7 5 7 10 11 7 1 5 10 10 3 5 11 1 15 15 15 15 15 15 15 14 5 11 11 12 8 12 9 12 7 12 1 12 11 5 4 5 10 10 11 12 5 7 5 7 10 11 7 1 5 9 10 3 5 11 1 15 15 15 15 15 15 15 14
3 11 11 12 6 11 10 12 7 12 1 12 10 4 4 5 11 9 9 12 5 7 5 7 8 11 7 1 5 9 9 3 4 11 1 15 15 15 14 14 13 15 14 4 11 8 11 4 12 10 11 7 12 1 12 11 4 5 5 9 9 11 11 5 7 5 7 10 11 7 1 5 9 10 2 3 10 1 15 15 15 15 15 13 15 12
4 11 11 12 8 12 10 12 7 12 1 12 11 3 2 5 11 10 11 10 5 7 5 7 11 11 7 1 5 10 11 3 3 11 1 15 15 15 15 15 12 14 13 4 11 11 12 6 11 11 11 7 12 1 13 10 4 2 5 11 11 11 13 5 7 5 7 10 11 7 1 5 10 11 2 3 11 1 15 15 15 15 13 13 15 13
3 11 9 12 6 12 7 12 7 12 1 12 8 4 3 5 9 11 11 12 5 7 5 7 10 11 7 1 5 11 9 3 5 11 1 15 15 15 15 15 15 15 15 4 11 10 12 6 12 9 12 7 12 1 12 9 4 2 5 11 10 11 12 5 7 5 7 11 11 7 1 5 9 9 4 4 11 1 15 15 15 15 15 15 15 15
3 11 11 13 9 12 11 12 7 13 1 13 11 3 4 5 11 10 11 13 5 7 5 7 10 11 7 1 5 11 10 3 5 11 1 15 15 15 15 15 14 15 15 4 11 10 12 10 12 11 12 7 13 1 13 11 5 3 5 9 11 11 13 5 7 5 7 11 11 7 1 5 11 11 2 4 11 1 15 15 15 15 15 15 15 14
5 11 10 12 6 12 11 12 7 12 1 12 11 4 3 5 11 11 11 12 5 7 5 7 11 11 7 1 5 11 11 4 4 11 1 15 15 15 15 14 14 15 13 5 11 11 12 6 12 11 12 7 12 1 12 11 4 3 5 11 11 11 12 5 7 5 7 11 11 7 1 5 11 10 4 4 11 1 15 14 15 15 15 14 15 13
2 11 11 12 6 12 11 13 7 13 1 12 11 4 2 5 11 10 11 12 5 7 5 7 9 11 7 1 4 9 10 3 2 11 1 15 14 15 13 15 11 13 12 2 11 11 11 7 12 10 12 7 12 1 12 11 4 2 5 8 10 11 12 5 7 5 7 11 11 7 1 3 10 11 3 3 11 1 15 15 15 14 13 11 14 11
4 11 10 13 9 12 10 12 7 13 1 13 11 5 4 5 11 10 11 12 5 7 5 7 9 11 7 1 5 9 10 2 5 11 1 15 14 15 15 15 14 14 13 4 11 11 13 9 12 10 12 7 12 1 13 9 4 4 5 11 11 11 13 5 7 5 7 10 11 7 1 5 9 11 3 5 11 1 15 15 15 15 14 15 15 11
4 11 10 12 10 12 11 12 7 12 1 13 10 3 4 5 11 11 11 13 5 7 5 7 11 11 7 1 5 11 11 2 5 11 1 15 15 15 15 15 13 13 15 4 11 10 13 8 12 11 12 7 13 1 13 10 4 3 5 11 11 11 13 5 7 5 7 11 11 7 1 5 11 11 2 5 11 1 15 15 15 15 15 14 14 13
5 10 11 11 5 12 8 12 7 12 1 12 10 3 3 5 10 9 9 12 5 7 5 7 10 11 7 1 5 9 10 2 4 11 1 15 15 15 15 15 15 15 14 4 11 11 12 6 12 8 12 7 12 1 12 10 3 3 5 10 10 10 12 5 7 5 7 10 11 7 1 5 7 10 2 5 10 1 15 15 15 15 14 15 15 15
2 11 11 12 10 12 9 12 7 13 1 12 10 3 3 5 11 11 11 13 5 7 5 7 11 11 7 1 5 9 9 2 2 11 1 15 15 15 14 15 13 15 15 3 11 9 13 8 12 10 12 7 13 1 13 11 3 3 5 10 10 10 13 5 7 5 7 11 11 7 1 3 11 10 2 3 11 1 15 14 15 15 15 15 15 13
2 11 11 12 9 12 10 12 7 13 1 12 11 4 3 5 11 11 11 12 5 7 5 7 11 11 7 1 5 11 11 2 4 11 1 15 15 15 15 14 15 14 14 3 11 11 12 7 13 11 12 7 13 1 13 11 3 4 5 11 11 11 12 5 7 5 7 11 11 7 1 4 11 10 2 4 11 1 15 15 15 15 15 15 15 12
2 10 11 13 7 12 9 12 7 13 1 13 11 3 3 5 11 11 11 13 5 7 5 7 11 11 7 1 5 8 9 2 4 11 1 15 15 15 15 15 14 15 13 3 11 10 12 10 12 10 12 7 12 1 13 10 3 3 5 10 11 10 12 5 7 5 7 9 11 7 1 4 10 11 2 4 11 1 15 15 15 15 14 15 15 13
3 11 11 13 7 11 10 10 7 12 1 12 11 3 3 5 11 10 11 12 5 7 5 7 11 11 7 1 5 11 8 2 5 11 1 15 15 15 15 14 12 13 14 4 11 10 12 7 11 10 11 7 13 1 12 11 4 2 5 11 11 11 11 5 7 5 7 11 11 7 1 5 10 10 2 4 10 1 15 15 15 15 14 11 14 14
5 11 11 13 7 12 11 11 7 13 1 12 11 3 2 5 11 10 11 12 5 7 5 7 11 11 7 1 5 11 10 2 4 11 1 15 14 15 15 15 13 14 14 5 11 10 12 8 11 11 12 7 12 1 13 11 3 2 5 11 11 11 12 5 7 5 7 11 11 7 1 5 10 11 2 4 11 1 15 15 15 15 13 12 15 15
2 11 11 12 7 11 9 10 7 12 1 11 10 2 2 5 11 10 11 12 5 7 5 7 11 11 7 1 3 9 10 2 2 11 1 15 14 15 15 15 15 15 13 2 11 11 12 6 11 9 10 7 12 1 13 10 2 2 5 11 10 11 11 5 7 5 7 10 11 7 1 3 10 10 2 2 11 1 15 15 15 15 15 15 14 13
3 9 11 12 9 11 11 11 7 12 1 12 11 2 3 5 11 8 11 13 5 7 5 7 9 11 7 1 5 7 11 2 4 10 1 15 14 15 15 15 14 12 14 3 11 11 13 7 10 11 12 7 12 1 13 11 2 3 5 10 9 11 13 5 7 5 7 10 11 7 1 5 8 10 2 4 11 1 15 15 15 14 15 13 15 12
3 11 11 12 7 10 10 8 7 12 1 12 11 2 3 5 11 11 11 12 5 7 5 7 11 11 7 1 5 10 10 2 5 11 1 15 14 15 15 14 14 15 14 4 11 10 13 6 10 11 10 7 11 1 12 11 2 3 5 11 10 11 11 5 7 5 7 11 11 7 1 5 11 10 2 4 11 1 15 15 15 15 14 13 15 14
2 11 11 12 7 12 10 12 7 12 1 12 10 4 2 5 10 11 11 12 5 7 5 7 11 11 7 1 3 11 11 3 2 11 1 15 14 15 15 13 15 12 13 2 11 11 12 6 12 10 12 7 12 1 12 11 4 3 5 10 11 11 13 5 7 5 7 8 11 7 1 3 10 10 2 2 11 1 15 15 15 14 15 13 14 11
3 11 9 13 7 12 8 12 7 13 1 13 11 4 3 5 11 9 10 12 5 7 5 7 10 11 7 1 5 9 9 3 3 11 1 15 15 15 15 15 14 14 14 3 11 10 13 9 12 11 12 7 12 1 12 9 4 3 5 10 10 11 12 5 7 5 7 10 11 7 1 4 9 9 3 4 10 1 15 15 15 15 15 12 15 15
4 10 10 13 9 12 11 12 7 13 1 13 11 4 4 5 10 11 11 13 5 7 5 7 9 11 7 1 5 10 11 2 4 11 1 15 15 15 15 15 15 15 14 5 11 11 13 10 12 11 12 7 12 1 13 10 4 4 5 11 11 11 13 5 7 5 7 11 11 7 1 5 10 11 2 3 11 1 15 15 15 15 15 15 15 14
2 10 11 13 9 12 10 11 7 12 1 13 11 4 3 5 10 11 11 13 5 7 5 7 10 11 7 1 3 10 11 2 3 11 1 15 15 15 15 14 13 14 11 2 11 11 13 9 12 11 11 7 12 1 13 10 3 4 5 11 11 11 13 5 7 5 7 9 11 7 1 4 9 11 2 2 11 1 15 14 15 15 14 12 15 12
4 11 10 13 7 12 10 12 7 13 1 13 11 5 4 5 11 11 11 13 5 7 5 7 10 11 7 1 5 9 10 3 4 11 1 15 15 15 15 15 15 15 15 5 11 11 12 10 12 11 13 7 12 1 12 11 5 4 5 11 11 11 12 5 7 5 7 10 11 7 1 5 11 10 3 3 11 1 15 15 15 15 15 15 15 15
3 11 10 13 11 13 9 13 7 13 1 13 11 4 5 5 10 11 10 13 5 7 5 7 11 11 7 1 3 9 11 5 2 10 1 15 15 15 15 15 15 14 15 2 11 11 13 12 13 10 13 7 12 1 13 9 5 4 5 11 10 9 13 5 7 5 7 10 11 7 1 3 10 11 5 3 11 1 15 15 15 15 15 15 15 14
3 11 11 13 9 12 10 12 7 12 1 13 10 3 4 5 11 11 11 13 5 7 5 7 11 11 7 1 3 10 10 2 2 11 1 15 14 15 15 15 12 14 11 2 11 9 13 9 12 11 12 7 12 1 13 11 4 3 5 11 11 11 13 5 7 5 7 10 11 7 1 4 11 10 2 2 11 1 15 14 15 15 15 12 13 12
4 11 11 12 8 11 10 11 7 13 1 13 11 3 3 5 11 11 11 12 5 7 5 7 11 11 7 1 5 8 10 2 4 11 1 15 15 14 15 15 14 13 13 5 10 11 12 7 12 10 12 7 13 1 10 11 2 4 5 11 10 11 12 5 7 5 7 10 11 7 1 5 11 10 2 3 11 1 15 15 15 15 15 11 15 13
3 10 10 13 10 12 11 13 7 12 1 12 11 4 3 5 8 9 10 13 5 7 5 7 10 11 7 1 5 11 10 2 5 11 1 15 15 15 15 15 15 15 13 5 11 11 13 9 13 9 12 7 12 1 13 10 3 3 5 10 10 11 13 5 7 5 7 10 11 7 1 4 7 11 3 4 11 1 15 15 15 15 14 14 15 15
3 11 11 10 6 12 8 12 7 12 1 12 10 3 3 5 10 10 11 12 5 7 5 7 10 11 7 1 3 8 9 2 4 11 1 15 15 15 15 14 13 11 13 4 11 9 12 6 11 10 12 7 12 1 13 10 2 2 5 10 10 10 12 5 7 5 7 10 11 7 1 4 8 10 2 2 11 1 15 15 15 14 13 13 15 11
2 11 11 13 10 10 11 10 7 12 1 13 11 5 3 5 9 11 11 12 5 7 5 7 11 11 7 1 5 7 8 2 4 9 1 15 14 15 15 15 11 13 12 4 10 10 13 8 11 10 13 7 12 1 11 11 4 3 5 10 9 10 12 5 7 5 7 9 11 7 1 4 11 10 3 3 10 1 15 15 15 15 14 12 13 11
4 11 10 12 6 12 10 10 7 13 1 13 11 4 3 5 11 11 11 13 5 7 5 7 10 11 7 1 5 10 11 3 4 11 1 15 14 15 15 14 14 13 11 3 11 11 12 9 11 11 12 7 12 1 11 9 5 2 5 11 11 11 12 5 7 5 7 10 11 7 1 5 10 11 3 5 11 1 15 14 15 15 14 13 15 10
4 10 11 13 8 13 10 13 7 13 1 13 11 3 4 5 11 11 10 13 5 7 5 7 10 11 7 1 5 10 9 4 5 11 1 15 14 15 15 15 15 14 13 5 11 10 13 12 12 9 13 7 12 1 12 11 5 3 5 10 11 11 12 5 7 5 7 9 11 7 1 5 9 10 3 4 11 1 15 15 15 15 15 14 14 13
5 11 11 13 8 12 11 13 7 13 1 13 11 3 4 5 11 11 11 13 5 7 5 7 11 11 7 1 5 10 11 2 4 11 1 15 15 15 15 15 15 15 15 5 11 11 13 11 12 11 12 7 12 1 12 11 4 3 5 11 11 11 13 5 7 5 7 10 11 7 1 5 11 11 2 4 11 1 15 15 15 15 15 15 15 15
4 10 8 12 11 12 10 12 7 13 1 13 10 5 3 5 11 11 11 13 5 7 5 7 10 11 7 1 5 10 10 3 4 11 1 15 15 15 15 15 13 15 15 5 11 11 13 10 12 11 13 7 13 1 12 10 4 4 5 11 11 11 13 5 7 5 7 9 11 7 1 5 8 10 3 3 11 1 15 15 15 15 14 14 15 15
4 11 10 12 7 12 10 12 7 12 1 12 10 4 4 5 11 10 11 12 5 7 5 7 9 11 7 1 5 9 10 3 4 11 1 15 15 15 15 15 15 14 14 5 11 11 11 5 12 9 12 7 12 1 12 11 5 4 5 10 11 11 13 5 7 5 7 10 11 7 1 5 10 9 2 3 11 1 15 15 15 15 14 15 14 15
3 11 9 13 6 12 11 12 7 13 1 13 10 4 3 5 11 9 10 13 5 7 5 7 11 11 7 1 5 11 10 2 2 11 1 15 14 15 15 15 13 13 12 3 11 10 12 10 12 9 12 7 12 1 12 10 3 4 5 10 11 11 12 5 7 5 7 11 11 7 1 4 10 10 2 3 11 1 15 15 15 15 14 11 14 13
4 10 11 13 8 12 11 12 7 13 1 12 11 3 4 5 11 10 11 13 5 7 5 7 11 11 7 1 5 10 11 4 5 11 1 15 15 15 15 15 15 15 14 5 10 11 12 9 13 11 12 7 12 1 13 11 5 3 5 11 11 11 12 5 7 5 7 9 11 7 1 5 7 11 3 4 11 1 15 15 15 15 15 15 15 14
3 11 11 12 6 12 8 12 7 12 1 12 11 3 3 5 11 11 11 12 5 7 5 7 11 11 7 1 4 10 11 2 3 11 1 15 15 15 15 15 15 15 15 2 11 11 12 6 12 11 12 7 12 1 12 10 3 3 5 11 11 10 12 5 7 5 7 10 11 7 1 5 11 10 2 3 11 1 15 15 15 15 15 15 15 15
4 11 11 13 8 12 11 11 7 13 1 13 11 4 2 5 11 11 11 13 5 7 5 7 10 11 7 1 5 10 11 2 4 11 1 15 14 15 14 15 8 14 11 4 11 11 12 10 11 11 12 7 13 1 13 11 3 2 5 11 11 11 12 5 7 5 7 10 11 7 1 5 10 11 3 4 11 1 15 13 14 14 13 10 14 13
4 11 11 13 10 13 10 13 7 13 1 13 11 5 4 5 11 11 11 12 5 7 5 7 9 11 7 1 5 9 9 2 3 11 1 15 14 15 15 15 13 14 14 3 11 9 13 11 12 10 12 7 13 1 13 9 4 4 5 10 10 11 13 5 7 5 7 9 11 7 1 5 9 11 3 4 11 1 15 15 15 15 15 14 15 11
5 11 10 12 9 12 11 12 7 13 1 13 11 4 3 5 11 11 11 12 5 7 5 7 10 11 7 1 5 11 9 3 5 11 1 15 15 15 15 15 14 15 15 5 11 11 12 8 12 10 13 7 13 1 12 11 4 4 5 11 11 11 13 5 7 5 7 11 11 7 1 5 10 11 2 5 11 1 15 15 15 15 15 15 15 14
2 11 11 12 7 12 10 12 7 12 1 12 11 3 2 5 11 10 11 12 5 7 5 7 11 11 7 1 4 10 9 3 2 11 1 15 15 15 15 15 15 15 14 2 11 10 12 6 12 10 12 7 12 1 12 11 4 2 5 11 10 11 13 5 7 5 7 11 11 7 1 3 10 10 2 3 11 1 15 15 15 15 15 15 15 14
5 11 10 12 8 12 10 12 7 12 1 12 11 4 4 5 11 11 11 12 5 7 5 7 11 11 7 1 5 10 10 2 4 11 1 15 15 15 15 15 12 13 12 5 11 10 11 4 12 11 12 7 13 1 12 11 4 3 5 11 11 11 12 5 7 5 7 10 11 7 1 5 11 9 3 4 11 1 15 15 15 15 14 12 14 12
3 11 11 13 6 12 10 12 7 11 1 13 10 2 2 5 11 11 11 11 5 7 5 7 10 11 7 1 5 11 10 2 4 11 1 15 15 15 15 15 15 15 15 4 11 10 11 7 12 10 10 7 12 1 12 11 2 2 5 11 11 11 12 5 7 5 7 11 11 7 1 5 10 10 2 3 11 1 15 15 15 15 15 15 15 15
4 11 11 13 8 12 11 12 7 13 1 13 11 4 2 5 11 11 11 12 5 7 5 7 9 11 7 1 5 10 10 3 5 11 1 15 15 15 15 15 14 15 15 5 11 11 12 9 12 10 13 7 13 1 12 11 4 2 5 11 11 11 12 5 7 5 7 11 11 7 1 5 10 11 3 4 11 1 15 15 15 15 14 15 15 15
5 11 11 12 7 12 11 13 7 13 1 13 11 4 4 5 11 10 11 13 5 7 5 7 11 11 7 1 5 11 11 3 5 11 1 15 15 15 15 15 14 15 14 5 11 11 12 10 12 11 12 7 12 1 13 11 5 4 5 10 11 11 12 5 7 5 7 11 11 7 1 5 11 11 2 5 11 1 15 15 15 15 15 14 15 14
5 11 11 13 10 12 9 13 7 13 1 13 11 5 4 5 11 11 11 13 5 7 5 7 9 11 7 1 5 9 8 4 5 11 1 15 15 15 15 15 14 14 14 5 11 10 13 11 12 10 12 7 13 1 13 10 5 4 5 9 11 11 13 5 7 5 7 9 11 7 1 5 11 10 4 5 10 1 15 15 15 15 14 15 15 13
5 11 11 13 7 12 11 12 7 12 1 12 11 4 2 5 11 10 11 12 5 7 5 7 11 11 7 1 5 10 10 3 4 11 1 15 15 15 15 15 15 15 14 5 10 10 12 7 12 11 12 7 12 1 13 11 4 2 5 11 11 11 12 5 7 5 7 11 11 7 1 5 10 11 3 4 11 1 15 15 15 15 15 15 15 14
4 11 11 12 10 12 11 12 7 13 1 13 11 3 2 5 11 11 11 12 5 7 5 7 10 11 7 1 5 11 10 3 5 11 1 15 15 15 15 15 13 14 13 5 11 11 13 8 12 10 12 7 13 1 13 11 4 2 5 11 11 11 13 5 7 5 7 11 11 7 1 5 10 11 2 4 11 1 15 15 15 15 15 13 15 12
3 11 11 12 6 11 11 11 7 12 1 11 9 3 4 5 11 9 11 11 5 7 5 7 9 11 7 1 3 11 9 2 2 11 1 15 15 13 14 15 10 12 14 2 11 9 11 5 10 9 11 7 12 1 12 11 4 3 5 9 11 11 11 5 7 5 7 11 11 7 1 4 9 11 2 2 11 1 15 15 14 13 14 12 13 12
5 9 11 12 9 13 9 12 7 13 1 13 11 5 3 5 9 10 11 13 5 7 5 7 9 11 7 1 5 8 9 3 5 11 1 15 14 15 15 15 15 15 14 5 11 10 12 10 13 10 13 7 12 1 13 10 4 4 5 11 10 10 12 5 7 5 7 9 11 7 1 5 8 11 3 5 11 1 15 15 15 15 14 15 15 14
2 11 10 12 6 12 9 12 7 12 1 12 10 4 2 5 10 10 11 12 5 7 5 7 11 11 7 1 2 9 11 2 2 11 1 15 15 15 15 14 15 15 14 2 11 10 12 6 12 11 12 7 12 1 12 10 3 3 5 11 9 10 12 5 7 5 7 10 11 7 1 2 10 10 2 2 11 1 15 15 15 15 15 15 15 13
4 11 11 12 6 13 11 12 7 13 1 12 11 3 5 5 11 11 11 12 5 7 5 7 10 11 7 1 5 10 11 2 4 11 1 15 15 15 15 15 13 13 15 4 11 11 12 8 12 11 12 7 12 1 12 11 4 3 5 11 11 11 12 5 7 5 7 10 11 7 1 5 10 11 3 4 11 1 15 15 15 15 14 14 15 13
4 11 11 13 9 11 11 13 7 12 1 12 11 3 2 5 11 11 10 12 5 7 5 7 11 11 7 1 5 10 11 2 3 11 1 15 15 15 15 15 15 15 14 4 11 11 13 8 11 11 12 7 13 1 13 11 3 2 5 11 11 11 12 5 7 5 7 10 11 7 1 5 11 11 2 3 10 1 15 15 15 15 15 15 15 14
4 11 11 13 8 12 9 12 7 12 1 12 11 4 3 5 11 11 10 12 5 7 5 7 10 11 7 1 5 10 10 2 3 11 1 15 15 15 15 15 14 15 12 4 11 11 12 7 12 9 12 7 13 1 13 10 3 4 5 11 10 11 12 5 7 5 7 11 11 7 1 5 10 10 2 3 11 1 15 15 15 15 14 14 15 13
4 11 11 13 12 13 11 13 7 13 1 13 10 4 5 5 10 11 10 13 5 7 5 7 10 11 7 1 5 9 11 3 3 11 1 15 15 15 15 15 14 15 14 4 11 10 13 12 13 11 13 7 13 1 13 11 4 5 5 10 10 11 13 5 7 5 7 10 11 7 1 5 10 11 3 3 10 1 15 15 15 15 15 15 15 13
3 11 11 13 9 11 9 12 7 13 1 12 10 3 2 5 11 10 11 13 5 7 5 7 10 11 7 1 5 9 10 2 5 11 1 15 14 15 15 15 14 14 13 4 11 11 12 9 11 9 12 7 13 1 13 11 3 2 5 11 10 10 13 5 7 5 7 10 11 7 1 5 9 10 2 4 11 1 15 15 15 15 15 12 15 13
3 11 11 12 6 10 11 11 7 13 1 13 10 3 3 5 11 11 11 13 5 7 5 7 11 11 7 1 5 10 10 3 3 11 1 15 15 15 15 15 15 15 15 3 11 11 12 9 10 9 11 7 12 1 12 11 4 2 5 11 10 11 12 5 7 5 7 11 11 7 1 5 11 11 3 3 11 1 15 15 15 15 15 15 15 15
4 10 10 13 10 11 10 11 7 13 1 12 11 3 4 5 11 9 10 13 5 7 5 7 10 11 7 1 5 8 10 2 4 11 1 15 15 15 15 13 13 15 9 3 10 10 13 9 11 11 11 7 13 1 13 10 3 3 5 8 10 11 13 5 7 5 7 9 11 7 1 5 9 10 3 5 10 1 15 14 14 15 14 12 14 12
4 11 11 12 10 12 9 12 7 12 1 12 11 4 2 5 11 10 11 12 5 7 5 7 11 11 7 1 5 11 10 5 4 10 1 15 15 15 15 15 15 15 14 4 11 11 12 5 13 10 13 7 13 1 12 11 4 3 5 10 11 9 12 5 7 5 7 11 11 7 1 5 11 10 4 4 11 1 15 15 15 15 15 14 15 15
2 10 10 13 6 12 9 12 7 12 1 13 11 4 2 5 10 11 11 12 5 7 5 7 11 11 7 1 4 10 7 3 2 11 1 15 15 15 15 15 15 15 15 3 11 10 12 8 12 10 12 7 12 1 12 10 3 2 5 11 11 11 12 5 7 5 7 9 11 7 1 3 10 10 4 2 10 1 15 15 15 15 15 15 15 15
4 11 11 12 6 12 10 13 7 12 1 12 11 4 3 5 11 10 11 12 5 7 5 7 11 11 7 1 4 11 9 2 2 11 1 15 15 14 15 15 12 13 13 4 11 11 12 7 12 10 12 7 12 1 12 11 4 2 5 11 11 11 12 5 7 5 7 11 11 7 1 4 10 11 3 2 11 1 15 15 15 15 14 13 13 12
3 11 10 12 7 12 10 12 7 13 1 12 11 4 3 5 11 11 11 13 5 7 5 7 11 11 7 1 5 10 9 2 3 11 1 15 14 14 15 15 14 14 14 3 11 10 12 8 12 10 12 7 12 1 13 11 3 4 5 11 11 11 12 5 7 5 7 9 11 7 1 5 10 9 2 3 11 1 15 15 15 15 14 13 14 14
3 10 11 13 11 11 10 8 7 12 1 13 10 3 3 5 10 10 10 12 5 7 5 7 10 11 7 1 4 8 10 2 3 11 1 15 13 15 15 15 13 15 15 2 11 11 13 8 12 8 10 7 12 1 12 11 3 3 5 10 9 11 13 5 7 5 7 10 11 7 1 4 10 10 2 4 11 1 15 15 15 15 15 13 15 13
3 11 11 13 11 12 10 12 7 13 1 12 11 4 4 5 11 11 11 12 5 7 5 7 10 11 7 1 5 10 10 3 4 11 1 15 15 15 15 15 15 15 15 4 11 10 12 9 12 11 13 7 13 1 13 11 4 4 5 11 11 11 13 5 7 5 7 10 11 7 1 5 10 10 3 3 11 1 15 15 15 15 15 15 15 15
3 11 11 12 6 10 9 11 7 12 1 11 11 2 2 5 11 11 11 12 5 7 5 7 11 11 7 1 4 10 11 3 3 11 1 15 14 15 15 15 15 15 15 3 11 11 12 6 9 11 11 7 12 1 12 10 3 2 5 11 11 11 12 5 7 5 7 10 11 7 1 5 11 10 2 2 11 1 15 15 15 15 15 14 15 15
5 11 11 13 8 12 9 12 7 12 1 13 9 5 4 5 10 10 11 12 5 7 5 7 9 11 7 1 5 10 9 3 4 11 1 15 15 15 14 15 14 15 14 4 11 9 12 8 12 9 12 7 12 1 13 10 5 4 5 10 11 10 13 5 7 5 7 10 11 7 1 5 8 11 3 5 11 1 15 15 15 15 15 15 15 12
4 11 10 13 8 12 10 13 7 12 1 12 11 3 2 5 10 10 10 12 5 7 5 7 9 11 7 1 5 11 8 2 3 10 1 15 15 15 15 15 14 15 13 4 11 10 12 8 12 10 13 7 13 1 12 10 3 2 5 9 11 9 12 5 7 5 7 11 11 7 1 5 9 9 2 3 11 1 15 15 15 15 15 14 15 13
4 11 11 12 6 12 11 12 7 13 1 12 11 5 2 5 11 11 11 13 5 7 5 7 10 11 7 1 5 9 9 3 5 11 1 15 15 15 15 15 13 14 14 4 11 10 12 8 12 10 12 7 12 1 12 11 4 3 5 10 10 11 12 5 7 5 7 10 11 7 1 5 11 11 3 5 11 1 15 15 15 15 15 14 14 13
4 11 11 13 12 13 11 13 7 13 1 13 11 4 5 5 11 11 11 13 5 7 5 7 11 11 7 1 5 10 11 4 4 11 1 15 15 15 15 15 14 14 14 5 11 11 13 13 13 11 12 7 13 1 13 11 5 5 5 11 11 11 13 5 7 5 7 10 11 7 1 5 11 11 3 3 11 1 15 15 15 15 15 15 15 12
3 11 11 12 6 12 10 11 7 11 1 12 11 3 2 5 11 11 11 11 5 7 5 7 10 11 7 1 4 8 9 2 4 10 1 15 15 15 15 14 12 13 12 3 10 11 12 6 11 10 11 7 11 1 12 10 3 2 5 11 10 11 12 5 7 5 7 10 11 7 1 5 10 10 2 3 10 1 15 14 15 15 15 12 14 11
5 10 11 12 6 12 8 13 7 13 1 13 10 4 3 5 9 10 10 13 5 7 5 7 10 11 7 1 5 9 10 2 4 11 1 15 15 15 15 14 14 15 14 4 11 9 12 10 12 11 12 7 12 1 12 10 4 2 5 8 9 10 12 5 7 5 7 10 11 7 1 5 10 10 3 5 10 1 15 15 15 15 14 14 15 14
3 11 11 12 9 13 11 12 7 12 1 12 11 3 4 5 10 10 11 13 5 7 5 7 11 11 7 1 5 10 10 2 4 11 1 15 15 15 15 15 15 15 15 4 11 11 13 8 12 10 12 7 13 1 12 11 4 3 5 10 10 11 13 5 7 5 7 10 11 7 1 5 11 11 2 3 11 1 15 15 15 15 15 15 15 15
5 11 11 12 8 12 11 13 7 12 1 12 11 4 2 5 11 11 11 13 5 7 5 7 11 11 7 1 5 10 11 3 5 11 1 15 15 15 15 15 15 15 14 5 11 11 12 8 12 11 13 7 12 1 13 11 4 2 5 11 11 11 12 5 7 5 7 10 11 7 1 5 11 11 3 5 11 1 15 15 15 15 14 15 15 15
4 11 11 12 7 12 10 12 7 12 1 12 11 4 4 5 11 10 11 13 5 7 5 7 8 11 7 1 5 9 9 2 3 11 1 15 15 15 15 15 15 15 14 4 11 10 12 7 12 10 12 7 12 1 13 11 4 4 5 10 10 11 12 5 7 5 7 11 11 7 1 5 9 10 2 3 11 1 15 15 15 15 15 14 15 15
2 10 10 12 9 11 9 12 7 12 1 12 11 4 2 5 11 10 11 12 5 7 5 7 11 11 7 1 4 10 10 2 3 11 1 15 15 15 15 15 13 13 15 3 11 10 13 6 12 10 11 7 13 1 12 10 3 3 5 11 10 11 13 5 7 5 7 11 11 7 1 4 9 8 2 2 11 1 15 14 15 15 15 14 15 13
3 11 11 12 10 12 9 12 7 12 1 13 11 4 2 5 10 10 11 12 5 7 5 7 10 11 7 1 5 9 11 2 3 11 1 15 15 15 15 15 15 15 15 3 10 11 13 7 12 11 12 7 13 1 13 11 3 2 5 10 10 10 13 5 7 5 7 10 11 7 1 5 10 10 3 3 11 1 15 15 15 15 15 15 15 15
3 11 11 13 6 13 11 12 7 13 1 13 11 4 3 5 11 11 11 13 5 7 5 7 10 11 7 1 4 10 10 3 3 11 1 15 15 15 15 14 15 15 15 3 11 10 12 11 12 11 12 7 12 1 12 11 4 3 5 11 11 11 12 5 7 5 7 10 11 7 1 5 10 11 3 2 11 1 15 15 15 15 15 14 15 15
4 11 10 13 7 12 10 13 7 13 1 13 11 3 3 5 11 10 10 13 5 7 5 7 9 11 7 1 5 9 10 2 4 11 1 15 15 15 15 15 15 15 15 5 11 11 12 12 11 10 12 7 13 1 12 11 3 3 5 10 10 11 12 5 7 5 7 10 11 7 1 5 9 8 2 3 11 1 15 15 15 15 15 15 15 15
2 11 11 13 11 13 11 12 7 13 1 13 11 3 3 5 11 10 10 13 5 7 5 7 10 11 7 1 5 10 9 2 5 11 1 15 14 15 15 15 15 15 15 4 11 11 13 11 13 10 12 7 13 1 13 11 3 3 5 10 11 11 13 5 7 5 7 10 11 7 1 4 10 11 2 4 9 1 15 15 15 15 15 15 15 14
3 10 9 13 9 12 11 12 7 13 1 13 11 5 3 5 11 11 11 13 5 7 5 7 10 11 7 1 4 10 10 2 3 11 1 15 15 15 15 14 15 15 13 3 11 11 13 10 12 10 12 7 12 1 13 10 3 4 5 11 10 11 13 5 7 5 7 11 11 7 1 5 9 10 3 2 11 1 15 15 15 15 15 14 15 13
5 11 11 13 13 13 11 13 7 13 1 13 11 5 4 5 11 10 11 13 5 7 5 7 9 11 7 1 5 10 10 4 5 11 1 15 15 15 15 15 15 15 15 5 11 11 13 13 13 10 13 7 13 1 13 11 5 4 5 10 11 11 13 5 7 5 7 10 11 7 1 5 9 11 4 5 11 1 15 15 15 15 15 15 15 15
5 11 10 13 10 10 9 11 7 13 1 12 11 4 3 5 11 10 11 13 5 7 5 7 10 11 7 1 5 7 8 2 4 11 1 15 15 15 15 15 15 13 14 4 10 10 13 9 10 10 11 7 13 1 13 11 3 3 5 10 10 10 13 5 7 5 7 10 11 7 1 5 9 9 3 5 10 1 15 15 15 15 14 13 15 15
4 11 11 12 8 12 11 12 7 12 1 12 11 4 2 5 11 11 11 12 5 7 5 7 11 11 7 1 5 11 11 2 5 11 1 15 15 15 15 15 14 15 15 5 11 11 12 6 12 11 12 7 13 1 13 11 3 2 5 11 11 11 12 5 7 5 7 11 11 7 1 5 11 11 3 4 11 1 15 15 15 15 14 15 15 15
5 11 11 11 6 12 9 12 7 12 1 12 11 2 2 5 11 9 10 12 5 7 5 7 11 11 7 1 5 8 9 2 3 11 1 15 14 13 15 15 12 12 10 4 11 10 12 5 13 9 12 7 11 1 12 10 2 2 5 9 10 11 12 5 7 5 7 9 11 7 1 5 9 10 2 4 11 1 15 15 15 13 14 10 13 11
2 10 10 13 11 12 10 12 7 13 1 13 11 2 5 5 10 11 10 13 5 7 5 7 9 11 7 1 4 6 10 2 2 11 1 15 14 15 15 14 12 14 12 2 9 11 13 10 13 9 13 7 12 1 13 10 3 3 5 9 10 11 13 5 7 5 7 8 11 7 1 3 6 10 3 3 11 1 15 15 14 15 15 12 14 11
2 11 11 13 6 11 11 11 7 12 1 12 11 3 2 5 10 9 10 12 5 7 5 7 10 11 7 1 4 9 11 2 2 11 1 15 13 15 13 15 14 12 13 3 10 11 11 6 11 10 12 7 12 1 11 11 3 2 5 10 10 11 12 5 7 5 7 9 11 7 1 3 6 11 2 2 11 1 15 15 15 15 14 11 14 11
2 11 10 13 10 10 9 11 7 13 1 12 11 3 2 5 11 8 10 13 5 7 5 7 11 11 7 1 3 8 9 2 2 11 1 15 15 15 15 15 14 14 11 2 11 10 12 9 11 10 12 7 13 1 13 11 3 2 5 9 9 10 12 5 7 5 7 9 11 7 1 3 9 9 2 2 10 1 15 14 15 15 14 13 14 14
3 11 11 13 13 12 8 13 7 13 1 13 11 4 4 5 10 11 11 13 5 7 5 7 11 11 7 1 5 10 11 3 3 11 1 15 15 15 15 15 15 15 13 3 11 11 13 12 13 11 13 7 13 1 13 10 4 4 5 10 10 10 13 5 7 5 7 11 11 7 1 3 11 10 3 5 11 1 15 15 15 15 15 15 14 14
4 11 11 13 10 13 11 12 7 13 1 13 11 5 4 5 11 11 11 13 5 7 5 7 11 11 7 1 5 10 11 4 3 11 1 15 14 15 15 15 14 12 13 4 11 11 13 11 13 11 12 7 12 1 13 11 4 4 5 11 11 11 13 5 7 5 7 10 11 7 1 5 11 11 5 3 11 1 15 15 15 14 15 14 14 11
2 11 11 12 8 11 10 12 7 13 1 12 11 2 2 5 11 9 10 12 5 7 5 7 11 11 7 1 3 9 9 2 2 11 1 15 14 14 13 15 14 12 12 2 11 10 13 7 11 9 12 7 12 1 13 11 2 2 5 10 10 11 12 5 7 5 7 10 11 7 1 3 10 10 2 2 11 1 15 15 15 14 14 9 14 13
4 11 10 12 6 12 10 12 7 12 1 12 11 4 4 5 11 10 11 12 5 7 5 7 11 11 7 1 5 10 10 3 3 11 1 15 14 14 14 15 15 15 13 3 11 11 12 6 12 10 12 7 12 1 12 11 5 3 5 11 10 11 12 5 7 5 7 11 11 7 1 5 10 9 3 4 11 1 15 15 15 15 14 15 15 11
5 11 11 12 6 12 7 12 7 12 1 12 9 4 2 5 11 9 11 13 5 7 5 7 10 11 7 1 5 9 7 3 5 11 1 15 15 15 15 14 13 15 15 5 11 10 12 7 12 8 12 7 12 1 12 10 4 2 5 10 10 11 12 5 7 5 7 10 11 7 1 5 9 9 3 5 10 1 15 15 15 15 15 14 15 13
5 11 11 12 9 12 11 12 7 12 1 13 10 4 4 5 11 10 11 12 5 7 5 7 11 11 7 1 5 11 10 4 5 11 1 15 15 15 15 14 14 12 14 5 11 9 11 6 13 11 12 7 13 1 13 11 5 5 5 10 11 11 12 5 7 5 7 11 11 7 1 5 11 11 2 5 11 1 15 15 15 15 14 13 14 13
5 11 11 12 11 12 11 12 7 13 1 13 11 4 4 5 11 11 11 13 5 7 5 7 11 11 7 1 5 11 10 3 3 11 1 15 15 15 15 15 15 15 14 4 11 11 13 9 12 10 13 7 13 1 13 11 5 3 5 11 11 11 13 5 7 5 7 11 11 7 1 5 11 11 3 4 11 1 15 15 15 15 14 15 15 15
4 11 11 12 10 13 11 12 7 13 1 13 11 3 3 5 11 11 11 13 5 7 5 7 11 11 7 1 5 10 11 3 5 11 1 15 13 15 15 15 14 14 13 5 11 11 13 10 12 11 12 7 13 1 13 11 5 2 5 10 10 11 13 5 7 5 7 8 11 7 1 5 11 11 2 4 11 1 15 15 15 15 15 13 15 11
2 11 10 13 8 10 9 10 7 13 1 12 11 2 3 5 11 11 11 12 5 7 5 7 11 11 7 1 4 11 10 2 2 11 1 15 15 15 13 14 12 13 9 2 11 11 13 8 11 10 10 7 12 1 13 9 2 3 5 11 11 11 11 5 7 5 7 11 11 7 1 3 11 10 2 3 11 1 15 13 14 15 14 12 12 11
5 11 11 11 4 12 10 12 7 12 1 12 11 3 3 5 11 11 11 11 5 7 5 7 11 11 7 1 5 10 10 2 4 11 1 15 15 15 15 14 15 15 14 5 11 10 11 4 12 11 12 7 12 1 12 11 3 3 5 11 11 11 11 5 7 5 7 10 11 7 1 5 11 10 2 4 11 1 15 15 15 15 15 14 15 14
3 11 11 12 8 11 11 10 7 12 1 12 11 3 2 5 11 11 11 12 5 7 5 7 11 11 7 1 5 10 10 2 4 11 1 15 15 14 15 13 14 14 13 3 11 11 12 6 11 10 11 7 12 1 13 11 3 2 5 11 11 11 12 5 7 5 7 10 11 7 1 5 11 11 2 4 11 1 15 15 15 15 14 12 15 12
4 11 11 12 8 13 11 13 7 13 1 13 11 3 3 5 11 11 11 12 5 7 5 7 11 11 7 1 5 10 11 3 4 11 1 15 15 15 15 15 12 13 13 3 11 11 12 10 12 11 12 7 13 1 13 11 5 2 5 11 11 11 12 5 7 5 7 10 11 7 1 5 11 11 2 5 11 1 15 14 15 14 15 12 14 14
2 11 11 13 7 12 11 13 7 13 1 12 10 5 4 5 11 11 11 13 5 7 5 7 10 11 7 1 4 10 9 4 2 11 1 15 15 15 15 15 15 15 15 3 11 9 11 9 12 11 12 7 12 1 13 11 5 4 5 11 11 10 12 5 7 5 7 11 11 7 1 3 11 11 4 2 11 1 15 15 15 15 15 15 15 15
3 11 11 12 10 12 9 13 7 13 1 13 10 3 4 5 10 10 11 12 5 7 5 7 9 11 7 1 4 5 11 2 3 11 1 15 15 15 15 14 10 14 12 3 10 10 13 9 12 11 12 7 13 1 13 11 3 4 5 10 10 10 13 5 7 5 7 10 10 7 1 5 8 10 2 2 11 1 15 13 13 15 15 12 13 14
5 11 11 12 11 12 11 12 7 12 1 12 11 5 4 5 11 11 11 12 5 7 5 7 11 11 7 1 5 10 11 3 5 11 1 15 15 15 15 15 15 15 13 5 11 11 12 5 12 11 13 7 13 1 13 11 5 4 5 11 11 11 13 5 7 5 7 10 11 7 1 5 11 11 3 5 11 1 15 15 15 15 14 15 15 14
3 11 11 13 9 12 9 12 7 12 1 13 11 3 4 5 11 10 11 13 5 7 5 7 10 11 7 1 5 8 10 2 3 11 1 15 15 15 15 15 14 13 13 3 11 11 13 9 12 10 12 7 12 1 13 11 3 3 5 10 10 10 13 5 7 5 7 10 11 7 1 5 9 10 3 3 11 1 15 15 15 15 14 14 14 13
3 11 10 12 8 13 11 12 7 13 1 13 11 4 4 5 11 11 11 12 5 7 5 7 11 11 7 1 4 10 9 3 3 11 1 15 15 15 15 15 15 15 14 3 11 10 12 9 13 10 12 7 12 1 13 11 4 3 5 11 11 11 12 5 7 5 7 10 11 7 1 5 11 10 4 2 11 1 15 15 15 15 15 15 15 14
4 11 11 12 8 12 10 12 7 12 1 12 9 4 4 5 11 10 10 12 5 7 5 7 10 11 7 1 5 11 9 3 3 11 1 15 15 15 15 15 15 15 14 4 11 9 13 6 12 8 12 7 12 1 13 11 5 3 5 11 11 11 12 5 7 5 7 10 11 7 1 5 8 10 3 3 11 1 15 15 15 15 15 15 15 14
5 11 11 13 6 11 11 12 7 12 1 12 11 4 4 5 11 11 11 12 5 7 5 7 11 11 7 1 5 11 10 3 5 11 1 15 14 15 15 15 15 14 12 5 11 11 12 7 11 10 12 7 12 1 12 11 5 3 5 11 11 11 12 5 7 5 7 10 11 7 1 5 10 11 3 5 11 1 15 15 15 15 15 12 14 14
5 11 11 12 8 12 11 12 7 12 1 13 11 4 3 5 10 9 10 12 5 7 5 7 10 11 7 1 4 10 9 3 3 11 1 15 14 15 15 15 15 13 14 4 11 10 12 7 12 10 12 7 13 1 12 11 5 3 5 9 10 11 13 5 7 5 7 10 11 7 1 5 10 11 2 3 10 1 15 15 15 15 15 14 14 13
4 11 11 12 6 12 11 12 7 12 1 12 10 3 2 5 11 11 11 12 5 7 5 7 11 11 7 1 5 9 10 2 4 11 1 15 14 13 15 15 12 13 12 5 11 9 12 6 12 11 12 7 12 1 12 11 3 2 5 11 10 11 12 5 7 5 7 10 11 7 1 5 11 11 2 3 11 1 15 14 15 15 15 11 13 11
3 11 11 12 7 12 8 12 7 12 1 12 10 4 4 5 11 11 9 12 5 7 5 7 10 11 7 1 5 8 9 3 5 11 1 15 15 15 15 15 15 13 12 4 11 10 12 6 13 8 12 7 12 1 12 10 5 4 5 9 10 10 12 5 7 5 7 10 11 7 1 5 11 10 2 4 10 1 15 14 15 14 15 13 15 14
5 11 11 13 9 12 11 12 7 13 1 13 11 4 4 5 11 11 11 13 5 7 5 7 10 11 7 1 5 10 11 3 5 11 1 15 15 15 15 14 13 15 13 5 11 11 12 10 13 11 12 7 12 1 13 11 4 3 5 11 11 11 13 5 7 5 7 10 11 7 1 5 10 11 4 5 11 1 15 15 15 15 15 13 15 12
3 11 9 12 9 12 10 12 7 12 1 12 11 5 5 5 11 10 11 13 5 7 5 7 11 11 7 1 5 9 10 3 4 11 1 15 15 15 15 15 14 15 15 5 10 11 12 7 13 10 12 7 12 1 13 9 5 4 5 10 11 11 13 5 7 5 7 10 11 7 1 4 11 10 4 3 11 1 15 14 15 15 15 15 15 15
3 11 11 13 7 12 10 12 7 12 1 13 11 3 3 5 10 11 11 12 5 7 5 7 10 11 7 1 5 8 10 3 4 11 1 15 15 15 15 15 15 14 14 3 11 10 12 8 12 10 12 7 12 1 12 11 4 3 5 10 10 11 13 5 7 5 7 10 10 7 1 5 10 9 2 4 11 1 15 15 15 15 15 13 15 15
3 11 11 12 7 12 9 12 7 13 1 12 11 2 2 5 11 10 11 12 5 7 5 7 9 11 7 1 4 10 9 2 3 11 1 15 15 15 15 15 15 15 14 2 11 10 12 7 12 10 12 7 13 1 12 11 2 2 5 10 11 10 12 5 7 5 7 9 11 7 1 5 8 10 2 3 11 1 15 15 15 15 15 15 15 14
3 11 11 13 6 12 10 12 7 12 1 12 10 3 2 5 11 11 11 12 5 7 5 7 9 11 7 1 5 10 11 2 5 11 1 15 15 15 15 15 13 15 11 4 11 10 12 7 12 11 12 7 12 1 12 11 3 2 5 10 11 11 12 5 7 5 7 10 11 7 1 5 10 10 2 4 11 1 15 14 15 15 14 14 14 13
3 11 11 12 6 11 10 12 7 12 1 11 11 3 3 5 11 10 11 12 5 7 5 7 11 11 7 1 5 9 10 2 5 11 1 15 15 15 15 15 15 15 15 4 11 11 12 6 10 10 12 7 12 1 12 11 3 3 5 11 10 11 12 5 7 5 7 10 11 7 1 5 10 10 2 4 11 1 15 15 15 15 15 15 15 15
3 11 11 11 4 10 10 12 7 12 1 12 11 3 2 5 10 10 11 10 5 7 5 7 11 11 7 1 5 9 9 2 4 11 1 15 15 15 15 15 14 15 14 4 11 10 12 6 11 10 10 7 12 1 12 11 3 2 5 10 11 11 12 5 7 5 7 10 11 7 1 5 9 10 2 3 11 1 15 15 15 15 14 15 15 14
4 11 9 12 6 12 11 12 7 12 1 12 10 3 2 5 11 11 11 12 5 7 5 7 11 11 7 1 5 11 10 2 4 11 1 15 15 15 15 15 15 15 14 4 11 9 12 6 12 10 12 7 12 1 12 11 3 2 5 11 11 11 12 5 7 5 7 11 11 7 1 5 11 11 2 4 10 1 15 15 15 15 15 15 15 14
3 11 11 13 7 13 11 12 7 13 1 13 10 4 4 5 11 11 11 13 5 7 5 7 10 11 7 1 4 11 9 4 3 11 1 15 14 15 15 15 15 13 11 4 11 9 13 11 12 10 12 7 12 1 12 11 5 5 5 11 11 11 12 5 7 5 7 11 11 7 1 4 10 11 2 2 11 1 15 15 15 15 14 13 14 12
5 11 11 13 8 13 11 13 7 13 1 13 11 5 4 5 11 11 11 13 5 7 5 7 11 11 7 1 5 11 10 2 5 11 1 15 15 15 15 15 14 15 13 5 11 11 12 12 12 10 12 7 13 1 13 11 4 4 5 11 11 11 12 5 7 5 7 11 11 7 1 5 11 11 3 5 11 1 15 15 15 15 15 14 15 13
5 11 10 13 7 11 10 12 7 13 1 13 11 4 3 5 11 11 11 13 5 7 5 7 11 11 7 1 5 11 8 3 5 11 1 15 15 15 15 15 15 15 14 5 11 10 13 10 11 11 12 7 12 1 12 11 4 3 5 11 11 11 12 5 7 5 7 11 11 7 1 5 11 10 3 5 10 1 15 15 15 15 15 15 15 14
4 11 11 13 10 12 11 13 7 13 1 12 11 5 3 5 11 10 11 13 5 7 5 7 10 11 7 1 5 10 10 3 5 11 1 15 14 15 15 15 14 14 13 5 11 11 13 10 12 10 13 7 12 1 13 11 5 3 5 11 11 11 13 5 7 5 7 10 11 7 1 5 9 11 3 4 11 1 15 15 15 15 15 14 15 11
3 11 11 12 9 12 10 12 7 13 1 13 11 3 4 5 11 10 11 13 5 7 5 7 11 11 7 1 5 8 9 3 4 11 1 15 15 15 15 14 15 15 15 4 10 11 13 10 12 10 13 7 13 1 13 11 5 3 5 11 10 11 12 5 7 5 7 9 11 7 1 5 9 11 2 3 11 1 15 15 15 15 15 14 15 15
2 11 11 12 9 12 9 12 7 12 1 12 10 4 3 5 9 10 11 12 5 7 5 7 10 11 7 1 2 8 9 2 2 11 1 15 15 15 15 15 13 15 12 2 11 11 13 6 13 9 12 7 12 1 13 11 4 3 5 10 9 10 12 5 7 5 7 10 10 7 1 2 9 11 2 2 11 1 15 15 15 15 14 13 15 13
4 11 11 12 8 12 8 12 7 13 1 13 11 4 4 5 11 10 11 12 5 7 5 7 9 11 7 1 5 9 9 2 3 11 1 15 15 15 15 14 15 14 14 4 11 10 13 8 12 10 12 7 12 1 13 10 4 4 5 10 10 10 12 5 7 5 7 10 11 7 1 5 9 10 2 3 11 1 15 15 15 15 14 15 15 13
3 11 11 13 7 13 10 12 7 13 1 13 10 5 4 5 10 11 11 13 5 7 5 7 11 11 7 1 5 10 10 3 4 11 1 15 15 15 15 14 15 15 14 3 11 10 12 11 12 10 12 7 12 1 13 11 5 4 5 10 11 11 12 5 7 5 7 7 11 7 1 5 10 10 3 4 11 1 15 15 15 15 15 15 15 13
4 10 11 13 8 12 10 12 7 12 1 12 11 4 2 5 11 11 11 12 5 7 5 7 11 11 7 1 5 10 11 3 3 11 1 15 15 15 15 15 15 15 15 4 11 11 12 7 12 11 12 7 12 1 13 11 3 3 5 11 10 11 13 5 7 5 7 11 11 7 1 5 10 10 3 3 11 1 15 15 15 15 15 15 15 15
4 11 11 13 11 13 10 13 7 13 1 13 10 5 4 5 11 10 11 13 5 7 5 7 11 11 7 1 5 10 10 4 5 11 1 15 15 15 15 15 13 14 15 5 11 9 13 12 12 11 13 7 13 1 13 10 5 5 5 11 11 11 13 5 7 5 7 10 11 7 1 5 10 11 3 4 11 1 15 15 15 15 15 14 15 13
4 11 11 13 7 12 10 12 7 12 1 12 11 4 2 5 11 10 11 12 5 7 5 7 11 11 7 1 5 9 10 3 5 11 1 15 15 15 15 14 15 15 14 4 11 11 12 7 12 10 13 7 12 1 12 11 4 2 5 11 10 11 12 5 7 5 7 10 11 7 1 5 10 10 3 5 11 1 15 15 15 15 14 14 15 15
4 11 11 13 8 13 10 13 7 13 1 13 11 5 3 5 11 11 11 13 5 7 5 7 11 11 7 1 5 10 10 3 4 11 1 15 14 15 15 14 14 14 14 5 11 11 12 12 12 10 13 7 12 1 13 11 4 4 5 11 11 11 12 5 7 5 7 10 11 7 1 5 11 10 3 3 11 1 15 15 15 15 15 15 15 10
3 11 11 13 10 13 9 12 7 13 1 13 11 4 3 5 11 10 10 13 5 7 5 7 11 11 7 1 5 8 9 4 3 11 1 15 15 15 15 15 15 15 15 3 10 10 13 11 12 10 12 7 13 1 13 11 4 4 5 11 10 10 13 5 7 5 7 10 11 7 1 5 10 10 3 3 10 1 15 15 15 15 15 15 15 15
4 11 11 12 6 13 10 13 7 13 1 13 11 4 3 5 11 10 11 13 5 7 5 7 11 11 7 1 5 9 10 4 4 11 1 15 15 15 15 15 15 15 13 5 11 10 12 11 12 11 12 7 12 1 12 11 4 4 5 11 10 11 12 5 7 5 7 10 11 7 1 5 10 10 3 3 11 1 15 15 15 15 15 14 15 14
3 11 9 13 7 13 10 12 7 13 1 13 11 3 3 5 11 11 11 13 5 7 5 7 11 11 7 1 5 10 10 3 3 11 1 15 14 15 15 15 15 15 11 3 11 11 13 11 12 10 12 7 12 1 12 10 5 2 5 11 11 11 12 5 7 5 7 10 11 7 1 4 11 9 2 4 11 1 15 14 15 15 14 14 15 13
4 11 11 12 8 12 9 13 7 13 1 13 10 5 3 5 11 10 11 13 5 7 5 7 10 11 7 1 5 9 10 2 4 11 1 15 15 15 15 15 12 13 12 4 11 11 12 10 12 9 13 7 12 1 13 10 3 4 5 11 10 11 12 5 7 5 7 10 11 7 1 5 9 10 3 4 11 1 15 14 15 15 14 13 13 13
2 11 11 12 8 11 11 12 7 12 1 13 11 3 3 5 10 10 10 11 5 7 5 7 11 11 7 1 5 10 10 2 4 10 1 15 15 15 15 15 13 14 11 3 11 11 12 7 10 10 12 7 12 1 13 11 3 3 5 11 10 11 13 5 7 5 7 11 11 7 1 4 9 11 2 4 9 1 15 14 15 15 15 13 14 12
3 11 10 13 7 12 9 12 7 13 1 13 10 3 3 5 11 10 11 13 5 7 5 7 11 11 7 1 5 10 9 3 3 11 1 15 15 15 15 15 15 14 15 3 10 11 13 11 12 9 11 7 12 1 12 10 5 2 5 11 11 11 12 5 7 5 7 11 11 7 1 5 10 10 2 3 11 1 15 15 15 15 15 15 15 14
5 11 11 12 10 12 10 13 7 12 1 12 11 4 2 5 11 11 11 12 5 7 5 7 11 11 7 1 5 11 10 3 5 11 1 15 14 15 15 15 13 14 14 5 11 11 12 7 13 10 13 7 13 1 12 11 4 2 5 11 11 11 13 5 7 5 7 11 11 7 1 5 11 10 3 5 11 1 15 15 15 15 15 14 15 11
4 11 11 13 10 12 11 12 7 13 1 13 9 5 4 5 10 10 11 13 5 7 5 7 9 11 7 1 5 8 10 3 5 11 1 15 15 15 15 15 13 15 14 5 10 10 13 10 12 10 12 7 13 1 13 11 5 4 5 9 10 10 13 5 7 5 7 10 11 7 1 5 11 11 3 4 11 1 15 15 15 15 14 14 15 14
3 11 11 13 6 12 9 12 7 12 1 13 11 3 3 5 11 11 10 13 5 7 5 7 10 11 7 1 5 10 10 2 3 11 1 15 15 15 15 14 13 14 12 4 11 11 12 9 12 9 12 7 12 1 12 10 3 3 5 11 11 11 12 5 7 5 7 10 11 7 1 4 10 10 2 3 11 1 15 15 15 15 13 13 15 12
5 11 9 13 11 12 9 12 7 13 1 12 10 4 4 5 11 11 11 12 5 7 5 7 10 11 7 1 5 10 9 3 5 11 1 15 15 15 15 15 11 14 14 5 11 10 13 8 12 9 13 7 13 1 13 9 5 4 5 11 11 11 13 5 7 5 7 10 11 7 1 5 10 9 2 5 11 1 15 14 15 15 14 14 14 13
3 11 11 12 7 12 10 12 7 12 1 12 11 4 2 5 11 10 11 12 5 7 5 7 9 11 7 1 5 6 10 2 3 11 1 15 15 14 15 14 13 14 13 3 10 11 12 6 12 10 13 7 12 1 12 11 3 3 5 10 10 11 12 5 7 5 7 10 11 7 1 5 9 10 2 3 11 1 15 15 15 15 14 14 15 10
3 11 10 13 9 13 9 12 7 13 1 13 10 4 4 5 11 11 11 13 5 7 5 7 10 11 7 1 5 10 11 4 4 11 1 15 15 15 15 13 14 15 13 4 11 10 13 11 12 11 12 7 12 1 13 10 4 3 5 11 11 11 13 5 7 5 7 10 11 7 1 4 10 9 5 4 11 1 15 15 15 15 13 14 15 13
4 11 11 13 9 13 10 12 7 13 1 13 10 5 3 5 11 10 11 13 5 7 5 7 11 11 7 1 5 10 10 4 4 11 1 15 15 15 15 15 15 15 14 3 11 10 13 11 12 10 12 7 13 1 13 10 4 5 5 11 11 11 12 5 7 5 7 9 11 7 1 5 9 11 3 5 11 1 15 15 15 15 15 14 15 15
3 11 10 12 6 12 9 12 7 12 1 12 11 4 2 5 11 10 11 12 5 7 5 7 10 11 7 1 5 10 10 2 3 11 1 15 15 15 15 14 15 15 14 3 11 11 12 6 12 10 12 7 12 1 12 10 3 3 5 11 11 11 12 5 7 5 7 10 11 7 1 5 9 9 2 3 11 1 15 15 15 15 15 15 15 13
3 10 11 13 7 13 9 11 7 12 1 13 10 4 3 5 11 10 10 12 5 7 5 7 11 11 7 1 3 10 10 2 4 11 1 15 14 15 15 15 11 13 13 2 11 11 13 10 10 8 12 7 12 1 12 10 3 4 5 11 10 11 12 5 7 5 7 11 11 7 1 5 9 10 2 3 11 1 15 15 15 15 13 13 13 12
5 11 10 13 10 12 9 12 7 12 1 13 11 5 4 5 11 10 11 12 5 7 5 7 11 11 7 1 5 10 11 3 4 11 1 15 15 15 15 15 15 15 13 5 11 11 13 8 12 11 12 7 13 1 13 10 5 4 5 11 11 11 13 5 7 5 7 10 11 7 1 5 10 9 3 4 11 1 15 15 15 15 15 15 14 14
5 10 10 12 6 13 11 13 7 13 1 13 11 5 3 5 11 11 11 13 5 7 5 7 10 11 7 1 5 11 10 5 5 11 1 15 15 15 15 15 15 15 14 5 11 10 13 12 12 11 12 7 12 1 12 11 5 4 5 11 10 11 12 5 7 5 7 11 11 7 1 5 10 10 4 5 11 1 15 15 15 15 15 15 15 14
3 11 11 13 7 12 9 12 7 12 1 13 11 3 3 5 11 10 11 13 5 7 5 7 11 11 7 1 3 11 10 3 3 11 1 15 15 15 15 15 15 15 15 2 11 11 12 9 12 10 12 7 12 1 13 10 3 4 5 10 11 11 12 5 7 5 7 11 11 7 1 5 11 10 2 2 11 1 15 15 15 15 15 15 15 15
2 11 11 12 10 12 10 12 7 13 1 13 10 3 3 5 11 10 11 13 5 7 5 7 10 11 7 1 3 9 9 2 2 11 1 15 15 15 15 15 13 14 15 2 11 9 13 9 12 11 12 7 13 1 13 10 3 3 5 10 10 11 13 5 7 5 7 9 11 7 1 3 9 11 2 2 10 1 15 15 15 15 15 13 15 14
4 11 9 13 10 13 10 12 7 13 1 13 11 3 4 5 11 11 11 13 5 7 5 7 11 11 7 1 5 11 10 4 3 11 1 15 15 15 15 15 15 15 13 4 11 11 13 11 12 10 12 7 13 1 13 9 5 4 5 11 11 11 13 5 7 5 7 11 11 7 1 5 11 10 2 3 11 1 15 15 15 15 14 15 15 14
5 11 10 12 8 12 9 12 7 12 1 12 10 4 2 5 11 10 11 13 5 7 5 7 11 11 7 1 5 10 10 3 5 11 1 15 15 15 15 15 15 15 15 5 11 11 12 7 12 10 13 7 12 1 13 10 4 3 5 10 11 11 12 5 7 5 7 10 11 7 1 5 11 10 2 5 11 1 15 15 15 15 15 15 15 15
5 11 11 12 8 12 10 12 7 13 1 12 11 3 2 5 11 11 11 13 5 7 5 7 11 11 7 1 5 11 11 3 5 11 1 15 15 15 15 14 15 15 15 5 11 11 13 8 12 11 12 7 13 1 12 11 4 2 5 11 11 11 12 5 7 5 7 11 11 7 1 5 11 10 2 5 11 1 15 15 15 15 15 15 15 14
5 11 11 12 6 12 11 12 7 12 1 12 11 5 2 5 11 11 11 12 5 7 5 7 11 11 7 1 5 11 10 3 4 11 1 15 15 15 15 15 15 15 15 4 11 11 12 6 12 10 12 7 12 1 12 11 3 3 5 11 11 11 12 5 7 5 7 11 11 7 1 5 11 11 4 5 11 1 15 15 15 15 15 15 15 15
3 11 11 13 10 12 10 9 7 13 1 13 11 4 3 5 10 9 11 13 5 7 5 7 11 11 7 1 5 9 10 2 2 11 1 15 15 15 15 15 15 14 14 3 11 11 13 11 11 10 11 7 13 1 12 11 4 3 5 10 10 11 12 5 7 5 7 10 11 7 1 4 9 10 2 3 11 1 15 15 15 15 15 15 15 13
2 11 11 13 12 12 10 11 7 13 1 13 11 4 5 5 11 10 11 13 5 7 5 7 11 11 7 1 4 10 8 5 5 11 1 15 15 15 15 15 15 14 15 3 11 10 13 11 13 10 12 7 12 1 13 11 5 4 5 11 11 10 13 5 7 5 7 10 11 7 1 4 10 10 5 4 11 1 15 15 15 15 15 15 15 14
2 11 11 13 9 13 10 12 7 13 1 13 11 4 3 5 11 8 10 13 5 7 5 7 10 11 7 1 3 7 8 5 2 11 1 15 15 15 15 15 15 15 13 2 10 10 12 11 12 10 13 7 13 1 13 11 4 3 5 9 9 9 12 5 7 5 7 11 11 7 1 3 10 10 5 2 11 1 15 15 15 15 15 15 14 14
3 11 10 13 9 12 11 12 7 13 1 13 11 4 2 5 11 11 11 12 5 7 5 7 9 11 7 1 4 9 10 3 3 11 1 15 15 15 15 15 15 15 13 3 11 11 13 9 12 10 12 7 13 1 13 11 4 2 5 11 11 11 12 5 7 5 7 10 11 7 1 5 10 10 3 2 11 1 15 15 15 15 14 15 15 14
4 11 11 13 9 12 10 12 7 12 1 12 11 4 3 5 11 10 11 12 5 7 5 7 11 11 7 1 5 10 10 3 5 11 1 15 15 14 15 15 14 14 14 5 11 11 12 7 12 10 13 7 13 1 12 11 4 4 5 11 11 11 13 5 7 5 7 9 11 7 1 5 9 10 2 4 11 1 15 15 15 15 15 15 15 11
3 11 11 13 9 12 10 12 7 13 1 13 11 3 5 5 10 11 11 13 5 7 5 7 11 11 7 1 4 11 10 3 3 11 1 15 15 15 15 15 15 15 15 3 11 11 13 10 12 10 12 7 13 1 12 10 5 3 5 11 11 11 13 5 7 5 7 11 11 7 1 5 10 11 3 2 11 1 15 15 15 15 15 15 15 15
2 11 9 13 9 11 11 11 7 13 1 13 10 4 5 5 10 10 11 13 5 7 5 7 10 11 7 1 5 9 8 2 2 11 1 15 15 15 15 15 13 15 15 3 11 9 13 10 10 10 12 7 12 1 13 11 4 3 5 9 9 11 13 5 7 5 7 9 11 7 1 3 10 10 4 3 11 1 15 15 15 15 15 14 15 14
4 11 11 13 7 12 10 12 7 13 1 13 10 5 4 5 11 9 11 13 5 7 5 7 10 11 7 1 5 10 10 3 4 11 1 15 14 15 15 15 12 13 9 5 11 10 13 10 12 10 12 7 12 1 12 11 5 4 5 9 11 11 12 5 7 5 7 9 11 7 1 5 9 10 3 3 11 1 15 14 14 15 13 11 14 12
4 11 11 12 6 12 11 12 7 12 1 12 11 5 2 5 11 11 11 12 5 7 5 7 9 11 7 1 5 9 9 3 4 11 1 15 15 15 15 15 14 15 15 5 11 10 12 6 12 10 12 7 12 1 12 11 4 3 5 10 10 11 12 5 7 5 7 10 11 7 1 5 10 11 3 3 11 1 15 15 15 15 15 15 15 14
5 11 11 13 11 13 11 12 7 13 1 12 10 5 3 5 11 11 11 12 5 7 5 7 10 11 7 1 5 11 10 5 5 11 1 15 15 15 15 15 15 15 13 5 11 9 12 9 13 11 13 7 13 1 13 11 5 4 5 10 11 11 13 5 7 5 7 11 11 7 1 5 11 11 4 5 11 1 15 15 15 15 15 14 14 15
5 11 10 13 7 12 11 12 7 12 1 13 11 5 4 5 11 10 10 12 5 7 5 7 10 11 7 1 5 11 9 3 5 11 1 15 15 15 15 15 15 14 15 5 11 10 12 9 12 11 12 7 12 1 12 11 4 4 5 9 11 11 12 5 7 5 7 11 11 7 1 5 11 11 4 5 10 1 15 15 15 15 15 15 15 14
4 11 11 12 6 12 11 12 7 13 1 13 11 4 2 5 11 11 11 13 5 7 5 7 11 11 7 1 5 10 11 2 3 11 1 15 13 13 13 14 11 12 13 4 11 11 12 9 12 11 12 7 12 1 12 11 3 2 5 11 11 11 12 5 7 5 7 9 11 7 1 5 10 11 3 3 11 1 15 15 15 15 11 8 14 11
5 10 10 12 6 12 10 12 7 12 1 12 10 4 2 5 11 10 11 12 5 7 5 7 9 11 7 1 5 9 8 2 5 11 1 15 13 15 15 13 14 15 14 5 11 10 12 6 12 9 12 7 12 1 12 11 3 3 5 9 11 11 12 5 7 5 7 9 11 7 1 5 9 10 2 5 11 1 15 15 15 15 15 13 15 11
2 11 10 13 8 12 10 13 7 13 1 12 11 4 2 5 11 11 11 13 5 7 5 7 11 11 7 1 5 11 10 2 5 11 1 15 15 15 15 15 15 14 15 4 11 11 12 10 12 10 12 7 13 1 12 11 3 2 5 10 11 11 13 5 7 5 7 10 11 7 1 4 11 9 3 4 11 1 15 15 15 15 15 15 15 14
3 11 10 13 9 10 9 11 7 13 1 12 11 3 3 5 11 10 11 13 5 7 5 7 10 11 7 1 5 11 11 2 4 11 1 15 15 15 15 15 15 15 14 3 11 11 13 9 11 11 11 7 13 1 13 10 3 3 5 11 11 10 11 5 7 5 7 11 11 7 1 5 9 10 2 4 11 1 15 15 15 15 15 15 15 14
3 11 10 12 6 12 10 13 7 13 1 12 11 4 3 5 8 9 11 12 5 7 5 7 9 11 7 1 4 9 9 3 3 10 1 15 15 15 14 13 11 12 12 2 11 10 12 8 12 10 12 7 12 1 12 11 5 3 5 9 9 11 12 5 7 5 7 9 11 7 1 5 8 9 2 3 10 1 15 14 15 15 14 10 13 11
4 10 10 13 8 13 10 12 7 13 1 13 11 5 4 5 11 11 11 13 5 7 5 7 11 11 7 1 5 8 8 3 4 11 1 15 15 15 15 15 15 15 14 4 10 10 13 11 12 10 12 7 12 1 13 11 4 4 5 11 11 11 12 5 7 5 7 10 11 7 1 5 11 10 4 4 11 1 15 15 15 15 15 15 15 14
3 11 11 13 10 11 10 11 7 13 1 13 11 3 3 5 11 11 11 12 5 7 5 7 11 11 7 1 4 10 10 2 3 10 1 15 15 15 15 15 15 14 13 4 11 10 13 9 12 11 10 7 13 1 13 11 3 3 5 11 11 11 13 5 7 5 7 9 11 7 1 4 10 10 2 2 10 1 15 15 15 15 15 13 15 14
3 11 11 13 8 13 10 13 7 13 1 13 11 4 3 5 11 10 11 13 5 7 5 7 10 11 7 1 5 9 10 4 3 11 1 15 14 15 15 15 15 13 14 3 11 11 13 12 12 10 12 7 12 1 13 11 4 3 5 11 10 11 12 5 7 5 7 10 11 7 1 5 9 10 4 3 11 1 15 15 15 15 15 14 15 12
2 10 9 12 7 10 7 12 7 12 1 12 10 3 3 5 10 8 8 12 4 7 5 7 9 10 7 1 3 6 10 2 3 11 1 15 15 15 15 14 12 13 15 2 9 8 13 6 11 8 12 7 11 1 12 9 3 3 5 7 9 10 12 4 7 5 7 8 11 7 1 4 3 9 2 2 11 1 15 14 15 15 13 12 15 15
4 11 11 13 6 12 10 12 7 13 1 12 10 4 4 5 11 10 11 12 5 7 5 7 10 11 7 1 5 11 9 3 4 11 1 15 15 15 15 14 15 14 13 5 11 10 11 7 12 8 12 7 12 1 12 11 5 4 5 11 11 11 12 5 7 5 7 11 11 7 1 5 9 9 2 3 11 1 15 15 15 15 14 15 15 12
3 11 11 12 9 13 11 12 7 12 1 13 11 3 3 5 11 11 11 12 5 7 5 7 10 11 7 1 5 11 10 3 3 11 1 15 15 15 15 14 15 15 15 3 11 11 13 8 12 10 12 7 13 1 13 11 4 3 5 11 11 11 12 5 7 5 7 11 11 7 1 5 10 11 2 3 11 1 15 15 15 15 15 15 15 14
2 10 10 13 7 12 10 13 7 12 1 12 11 4 2 5 11 11 11 13 5 7 5 7 10 11 7 1 5 8 10 3 5 11 1 15 15 15 15 15 15 15 13 4 10 11 12 9 12 10 12 7 13 1 12 11 4 3 5 11 11 11 12 5 7 5 7 9 11 7 1 4 9 9 2 4 11 1 15 15 15 15 15 14 15 14
2 11 11 13 10 12 11 11 7 12 1 12 11 5 2 5 11 11 11 13 5 7 5 7 9 11 7 1 4 10 10 3 3 11 1 15 15 15 15 15 15 14 14 3 11 11 13 8 11 10 12 7 13 1 13 11 4 3 5 11 11 11 13 5 7 5 7 11 11 7 1 4 10 11 3 2 11 1 15 15 15 15 15 14 15 14
5 11 11 12 9 13 10 12 7 12 1 12 11 5 3 5 11 10 11 12 5 7 5 7 11 11 7 1 5 10 9 2 5 11 1 15 14 15 15 15 15 15 13 5 11 10 13 7 12 10 12 7 13 1 13 11 3 4 5 10 11 11 12 5 7 5 7 10 11 7 1 5 11 10 3 5 11 1 15 15 15 15 14 15 15 13
5 11 11 13 8 12 10 13 7 13 1 13 11 4 4 5 11 11 11 13 5 7 5 7 11 11 7 1 5 11 11 4 5 11 1 15 15 15 15 15 14 13 13 5 11 11 13 11 12 11 12 7 12 1 13 10 5 5 5 11 11 11 12 5 7 5 7 11 11 7 1 5 11 11 2 5 11 1 15 15 15 15 15 13 15 12
3 11 11 12 10 12 11 12 7 12 1 13 11 4 4 5 11 10 11 13 5 7 5 7 10 11 7 1 5 10 10 3 3 11 1 15 15 15 14 15 15 15 15 4 11 10 13 8 12 11 12 7 13 1 13 11 4 4 5 11 10 11 13 5 7 5 7 11 11 7 1 4 9 11 3 3 11 1 15 15 15 15 15 15 15 14
5 11 11 13 8 13 10 12 7 13 1 13 11 5 4 5 11 10 11 13 5 7 5 7 9 11 7 1 5 10 10 3 5 11 1 15 15 15 15 15 13 15 14 5 11 10 12 11 12 11 12 7 13 1 13 10 5 4 5 10 11 11 12 5 7 5 7 10 11 7 1 5 9 11 3 5 11 1 15 14 15 15 15 15 15 13
3 11 11 13 8 13 11 13 7 13 1 13 10 4 4 5 11 10 10 13 5 7 5 7 9 11 7 1 5 11 9 4 4 11 1 15 13 14 14 14 14 14 13 3 11 9 12 12 12 9 12 7 12 1 13 11 5 5 5 9 11 11 13 5 7 5 7 11 11 7 1 5 10 11 2 4 11 1 15 15 15 15 14 13 15 9
5 11 9 13 10 13 11 12 7 13 1 13 11 3 4 5 11 11 11 13 5 7 5 7 10 11 7 1 5 10 9 3 5 11 1 15 15 15 15 15 15 15 14 5 11 10 13 11 12 10 12 7 13 1 13 10 5 3 5 9 11 11 13 5 7 5 7 8 11 7 1 5 10 10 2 5 11 1 15 15 15 15 15 15 15 14
3 11 10 13 7 13 10 13 7 13 1 13 11 5 3 5 11 11 11 13 5 7 5 7 11 11 7 1 5 9 10 4 5 11 1 15 14 15 15 13 15 15 14 4 11 10 12 12 12 11 12 7 12 1 12 10 4 5 5 11 10 11 13 5 7 5 7 10 11 7 1 5 11 10 3 4 11 1 15 15 15 15 14 14 15 13
4 11 11 12 10 12 11 12 7 12 1 12 10 3 4 5 11 10 10 12 5 7 5 7 9 11 7 1 5 10 9 4 4 10 1 15 15 15 15 15 14 15 14 4 11 7 13 6 12 10 13 7 12 1 13 11 5 4 5 9 11 11 13 5 7 5 7 10 11 7 1 5 10 11 2 4 11 1 15 15 15 15 13 15 15 15
2 11 11 12 7 12 10 12 7 12 1 12 11 4 2 5 11 11 11 12 5 7 5 7 11 11 7 1 5 11 10 3 3 11 1 15 15 15 14 14 14 14 13 3 11 11 12 6 12 10 12 7 13 1 12 11 3 4 5 11 11 11 12 5 7 5 7 11 11 7 1 4 11 10 2 3 11 1 15 15 15 15 15 14 15 10
5 11 11 13 9 11 11 12 7 13 1 13 9 3 3 5 11 11 11 13 5 7 5 7 10 11 7 1 5 10 10 3 5 11 1 15 15 15 15 15 14 15 11 5 11 11 12 10 12 9 11 7 13 1 13 11 4 3 5 11 11 11 13 5 7 5 7 10 11 7 1 5 10 11 2 5 10 1 15 14 15 15 14 15 14 13
3 11 11 13 10 12 10 12 7 13 1 12 11 4 3 5 11 10 11 13 5 7 5 7 11 11 7 1 5 10 9 2 5 11 1 15 15 15 14 15 13 13 13 5 11 10 12 9 13 10 12 7 13 1 13 11 4 3 5 11 11 11 13 5 7 5 7 10 11 7 1 4 10 10 2 4 11 1 15 15 15 15 14 13 15 11
4 10 10 13 7 13 10 12 7 13 1 13 11 4 4 5 10 9 11 13 5 7 5 7 9 10 7 1 4 7 10 3 2 11 1 15 14 15 15 15 15 15 14 3 9 11 12 11 12 9 12 7 12 1 12 11 5 4 5 7 10 11 13 5 7 5 7 8 11 7 1 4 4 10 2 3 11 1 15 15 15 15 15 13 15 15
3 10 11 12 6 11 11 11 7 12 1 12 11 3 3 5 11 10 11 12 5 7 5 7 10 11 7 1 3 11 11 4 3 11 1 15 15 15 15 15 15 15 15 2 11 11 12 6 12 11 12 7 11 1 12 11 5 2 5 11 11 11 11 5 7 5 7 11 11 7 1 5 8 11 3 2 11 1 15 15 15 15 15 15 15 15
4 10 10 13 6 12 9 12 7 13 1 12 11 5 4 5 11 10 10 13 5 7 5 7 10 11 7 1 5 10 8 3 3 11 1 15 15 15 15 15 15 11 14 4 11 10 12 9 12 9 12 7 12 1 12 10 5 4 5 11 11 11 12 5 7 5 7 10 11 7 1 5 8 10 3 3 11 1 15 15 15 14 14 13 15 14
3 10 11 12 9 12 9 12 7 12 1 13 10 2 2 5 11 10 11 12 5 7 5 7 10 11 7 1 5 10 10 3 4 11 1 15 14 15 15 15 15 13 13 4 11 11 12 7 13 9 12 7 13 1 12 11 3 2 5 11 11 10 13 5 7 5 7 9 11 7 1 5 7 10 2 3 11 1 15 15 15 15 14 13 14 14
4 10 9 12 8 11 9 11 7 12 1 12 11 3 3 5 11 9 10 12 5 7 5 7 10 11 7 1 5 9 9 3 5 11 1 15 15 14 15 15 13 14 13 5 10 9 13 6 11 10 12 7 12 1 11 9 5 2 5 9 11 11 13 5 7 5 7 10 11 7 1 5 9 9 2 4 11 1 15 15 15 15 15 15 13 11
4 11 11 12 6 12 9 12 7 12 1 12 11 5 3 5 11 10 11 12 5 7 5 7 10 11 7 1 5 11 8 2 5 11 1 15 15 15 15 15 15 15 14 5 11 10 12 6 12 10 12 7 12 1 12 10 4 3 5 11 11 11 12 5 7 5 7 11 11 7 1 5 9 11 3 4 11 1 15 15 15 15 15 15 15 14
5 11 11 13 9 12 11 12 7 13 1 12 11 5 4 5 11 11 11 13 5 7 5 7 11 11 7 1 5 11 10 3 5 11 1 15 15 15 15 15 15 14 14 5 11 10 13 9 12 11 12 7 13 1 13 11 5 4 5 11 11 11 12 5 7 5 7 11 11 7 1 5 11 11 3 5 11 1 15 15 15 15 15 15 15 13
3 11 11 13 9 12 10 13 7 12 1 13 11 4 3 5 11 10 11 13 5 7 5 7 11 11 7 1 5 11 10 4 5 11 1 15 14 15 15 14 12 14 15 4 11 11 13 10 12 10 13 7 12 1 12 10 4 4 5 11 11 11 13 5 7 5 7 11 11 7 1 5 10 11 3 4 11 1 15 15 15 15 14 12 14 14
4 11 11 13 10 11 11 11 7 13 1 13 11 5 3 5 11 11 11 12 5 7 5 7 11 11 7 1 5 11 9 2 4 11 1 15 15 15 15 15 14 14 14 4 11 10 13 9 11 10 11 7 13 1 13 11 3 4 5 11 11 11 13 5 7 5 7 11 11 7 1 5 11 11 3 4 11 1 15 15 15 15 15 15 15 12
3 11 11 12 6 12 11 12 7 13 1 12 11 4 3 5 11 11 11 12 5 7 5 7 11 11 7 1 4 11 10 3 4 11 1 15 15 15 15 15 15 15 15 4 11 10 12 7 12 11 12 7 12 1 12 11 5 3 5 11 11 11 12 5 7 5 7 11 11 7 1 5 11 11 2 2 11 1 15 15 15 15 15 15 15 15
3 11 11 12 7 13 10 13 7 13 1 13 10 4 3 5 11 10 11 13 5 7 5 7 10 11 7 1 4 9 10 2 2 11 1 15 15 14 15 14 8 14 11 3 11 11 12 11 12 9 12 7 12 1 13 11 4 2 5 11 10 11 12 5 7 5 7 10 11 7 1 3 9 10 3 3 11 1 15 13 13 14 13 12 13 13
4 10 10 13 8 13 10 12 7 13 1 12 10 3 3 5 11 10 11 13 5 7 5 7 9 11 7 1 5 11 9 2 5 11 1 15 15 15 15 15 14 15 14 4 11 10 12 10 12 11 12 7 12 1 13 10 3 3 5 9 11 10 13 5 7 5 7 11 11 7 1 5 9 11 2 5 11 1 15 15 15 15 15 15 15 13
2 11 9 12 6 11 9 8 7 11 1 12 10 2 3 5 11 10 11 13 5 7 5 7 10 11 7 1 3 8 9 2 2 11 1 15 13 14 14 14 15 13 10 2 11 9 10 6 10 10 10 7 12 1 11 9 3 2 5 10 10 10 12 5 7 5 7 9 11 7 1 3 8 8 2 2 11 1 15 15 14 14 14 10 15 11
5 11 11 13 7 12 11 12 7 13 1 13 11 3 2 5 11 11 11 13 5 7 5 7 11 11 7 1 5 10 10 3 5 11 1 15 15 15 15 15 11 13 12 5 11 11 12 10 12 10 12 7 12 1 12 11 4 2 5 11 11 11 13 5 7 5 7 10 11 7 1 5 11 11 2 5 11 1 15 14 15 14 15 12 14 12
5 10 11 11 5 12 10 12 7 12 1 12 11 3 2 5 11 9 11 12 5 7 5 7 9 11 7 1 5 9 11 2 4 11 1 15 12 14 15 14 9 11 13 5 11 11 12 6 12 11 12 7 12 1 12 10 3 2 5 9 10 11 12 5 7 5 7 10 11 7 1 5 8 11 2 4 11 1 15 14 15 13 11 11 14 10
4 11 11 13 10 13 10 13 7 13 1 13 11 4 5 5 11 11 11 13 5 7 5 7 11 11 7 1 5 10 11 3 5 11 1 15 15 15 15 15 15 15 14 5 11 11 13 12 12 11 12 7 13 1 13 10 5 4 5 11 11 11 13 5 7 5 7 10 11 7 1 5 11 11 3 4 11 1 15 15 15 15 15 15 15 14
4 11 11 12 6 9 11 10 7 12 1 12 11 2 3 5 11 11 11 13 5 7 5 7 11 11 7 1 5 11 11 3 4 11 1 15 15 15 15 14 15 14 13 4 11 11 12 7 10 11 11 7 11 1 11 11 3 2 5 11 11 11 12 5 7 5 7 11 11 7 1 5 11 11 3 4 11 1 15 15 15 15 14 14 15 13
2 11 10 13 8 11 10 12 7 12 1 12 10 3 3 5 11 10 11 13 5 7 5 7 10 11 7 1 3 7 10 2 4 11 1 15 15 15 15 14 14 14 14 2 11 11 13 9 11 10 11 7 12 1 13 11 3 3 5 10 10 11 12 5 7 5 7 10 11 7 1 4 8 10 2 3 11 1 15 15 15 15 15 14 15 12
2 9 9 12 7 13 7 11 7 13 1 13 10 3 3 5 9 9 10 13 5 7 5 7 9 11 7 1 4 4 6 2 2 11 1 15 14 14 14 15 11 12 13 2 10 8 12 10 11 6 12 7 12 1 12 10 3 3 5 9 9 9 13 5 7 5 7 10 11 7 1 3 6 7 2 3 11 1 15 15 14 14 14 9 15 12
5 11 11 11 5 12 9 10 7 12 1 12 10 3 2 5 11 10 11 12 5 7 5 7 10 11 7 1 5 11 11 2 5 11 1 15 14 15 15 14 10 14 12 5 11 11 12 6 11 10 12 7 12 1 12 10 3 2 5 11 11 11 11 5 7 5 7 11 11 7 1 5 9 10 2 5 11 1 15 15 15 14 11 13 14 12
4 11 11 13 9 12 9 12 7 12 1 12 11 3 4 5 11 10 10 12 5 7 5 7 10 11 7 1 5 9 9 2 4 11 1 15 15 15 15 15 14 13 14 4 11 10 13 7 12 9 12 7 12 1 13 10 4 3 5 11 10 11 13 5 7 5 7 9 11 7 1 5 8 10 2 4 11 1 15 15 15 15 15 13 14 14
5 11 11 13 7 12 10 12 7 13 1 13 11 4 4 5 11 10 11 13 5 7 5 7 8 11 7 1 5 8 10 2 5 11 1 15 15 15 15 14 12 14 15 5 11 11 13 10 12 10 12 7 12 1 12 11 4 3 5 10 10 11 12 5 7 5 7 9 11 7 1 5 8 10 3 5 11 1 15 15 15 15 15 14 14 12
3 11 11 12 7 11 10 12 7 13 1 13 11 5 2 5 11 11 11 12 5 7 5 7 11 11 7 1 5 10 11 2 5 11 1 15 15 15 15 15 15 15 15 4 11 11 13 8 11 11 12 7 12 1 12 11 3 3 5 11 11 11 12 5 7 5 7 10 11 7 1 5 11 10 3 4 11 1 15 15 15 15 15 15 15 15
4 11 11 12 7 10 11 11 7 12 1 12 10 3 2 5 11 11 11 12 5 7 5 7 11 11 7 1 5 11 11 3 4 11 1 15 15 15 15 15 15 15 14 4 11 10 12 6 10 11 11 7 13 1 12 11 4 2 5 11 11 11 12 5 7 5 7 11 11 7 1 5 11 11 2 4 11 1 15 15 15 15 15 14 15 15
3 11 11 13 8 12 10 12 7 13 1 12 11 4 2 5 11 11 11 12 5 7 5 7 11 11 7 1 4 9 10 3 3 11 1 15 15 15 15 15 15 15 12 2 11 10 12 8 13 10 13 7 12 1 12 10 4 3 5 11 10 10 12 5 7 5 7 10 11 7 1 5 11 11 2 3 11 1 15 15 14 15 15 14 15 14
2 11 11 13 9 12 10 10 7 12 1 12 11 3 4 5 11 11 11 13 5 7 5 7 11 11 7 1 5 8 11 4 4 11 1 15 15 15 15 15 15 15 15 4 11 11 12 9 11 11 13 7 12 1 13 11 5 3 5 10 10 11 11 5 7 5 7 10 11 7 1 4 11 10 3 3 11 1 15 15 15 15 15 15 15 15
4 11 11 13 9 12 10 13 7 13 1 13 11 4 2 5 11 11 11 12 5 7 5 7 11 11 7 1 5 11 9 3 5 10 1 15 14 14 15 15 12 11 11 4 11 10 13 10 12 10 12 7 13 1 12 10 4 2 5 11 11 11 13 5 7 5 7 11 11 7 1 5 11 10 3 5 11 1 15 14 15 14 13 13 13 10
3 11 10 12 7 12 10 11 7 12 1 12 11 5 2 5 11 11 11 12 5 7 5 7 10 11 7 1 5 11 9 2 4 11 1 15 15 15 15 15 14 14 13 3 11 11 12 6 11 10 12 7 12 1 13 11 3 3 5 11 11 11 12 5 7 5 7 11 11 7 1 5 10 10 3 4 11 1 15 15 15 15 15 14 14 13
4 10 11 13 7 12 9 12 7 12 1 12 11 3 2 5 11 11 11 12 5 7 5 7 10 11 7 1 5 10 11 2 4 11 1 15 15 15 15 15 15 15 15 5 11 11 12 7 12 11 13 7 12 1 12 10 3 2 5 11 11 11 12 5 7 5 7 10 11 7 1 5 9 10 2 3 11 1 15 15 15 15 15 15 15 15
4 11 11 11 4 10 11 12 7 12 1 12 9 3 2 5 11 10 11 11 5 7 5 7 9 11 7 1 5 11 9 2 5 11 1 15 15 15 15 14 14 14 13 4 11 9 11 5 11 9 11 7 12 1 12 11 3 2 5 9 11 11 12 5 7 5 7 11 11 7 1 5 10 11 2 5 11 1 15 15 15 15 14 13 15 13
2 11 11 13 7 12 11 12 7 13 1 12 11 4 4 5 11 11 11 12 5 7 5 7 11 11 7 1 5 10 11 2 4 11 1 15 15 15 15 14 14 14 13 3 11 11 12 8 12 11 12 7 12 1 12 11 4 3 5 11 10 11 13 5 7 5 7 11 11 7 1 4 11 11 3 4 11 1 15 15 15 15 14 15 15 11
4 11 11 13 9 12 11 12 7 13 1 13 11 4 4 5 11 11 11 13 5 7 5 7 10 11 7 1 4 9 11 3 3 11 1 15 15 15 15 15 15 15 15 5 10 11 12 10 12 11 13 7 12 1 13 11 5 3 5 11 11 11 13 5 7 5 7 10 11 7 1 4 10 11 3 2 11 1 15 15 15 15 15 15 15 15
3 11 11 12 7 12 11 12 7 12 1 12 10 5 2 5 11 10 11 13 5 7 5 7 10 11 7 1 5 9 9 3 4 11 1 15 15 15 15 15 15 15 14 3 11 9 12 7 12 10 12 7 12 1 13 11 3 3 5 10 10 11 12 5 7 5 7 10 11 7 1 5 10 11 4 4 11 1 15 15 15 15 15 15 15 14
2 11 11 10 6 8 11 7 7 9 1 10 11 2 2 5 11 11 11 8 5 7 5 7 11 11 7 1 2 10 9 2 2 11 1 15 14 14 15 13 9 13 13 2 11 10 10 5 6 10 6 7 9 1 12 11 2 2 5 11 11 11 8 5 7 5 7 11 11 7 1 2 10 11 2 2 11 1 15 14 14 15 14 9 14 11
5 11 11 13 6 12 11 11 7 12 1 13 11 4 3 5 11 10 11 12 5 7 5 7 9 11 7 1 5 10 10 3 4 11 1 15 15 15 15 15 15 15 14 5 11 10 12 8 11 11 12 7 12 1 12 11 4 2 5 10 11 11 12 5 7 5 7 11 11 7 1 5 10 11 4 4 11 1 15 15 15 15 14 15 15 15
4 11 11 13 10 12 10 12 7 13 1 13 11 5 2 5 11 11 11 13 5 7 5 7 11 11 7 1 5 11 11 3 5 11 1 15 15 15 15 15 15 15 14 5 11 11 13 10 12 11 13 7 13 1 12 11 4 3 5 11 11 11 13 5 7 5 7 11 11 7 1 5 11 10 3 4 11 1 15 15 15 15 14 15 15 15
2 11 9 13 6 11 10 11 7 11 1 12 10 2 3 5 9 10 10 12 5 7 5 7 10 11 7 1 2 7 10 2 2 11 1 15 15 15 15 15 14 15 14 2 10 10 12 7 11 9 10 7 12 1 12 10 2 3 5 9 10 11 12 5 7 5 7 11 11 7 1 2 7 9 2 2 11 1 15 15 15 15 15 14 15 14
2 11 11 13 8 13 9 12 7 13 1 13 11 3 3 5 11 9 11 13 5 7 5 7 11 11 7 1 5 8 9 2 4 11 1 15 15 15 15 15 15 15 15 4 10 10 12 11 12 10 12 7 13 1 13 10 3 3 5 10 10 10 12 5 7 5 7 10 11 7 1 4 10 11 2 3 11 1 15 15 15 15 15 15 15 15
5 10 10 12 12 12 11 12 7 12 1 13 11 4 4 5 11 11 11 12 5 7 5 7 11 11 7 1 5 10 10 5 5 11 1 15 15 15 15 15 15 15 14 5 11 10 13 7 13 11 13 7 13 1 13 11 5 5 5 11 11 11 13 5 7 5 7 11 11 7 1 5 11 10 3 5 11 1 15 15 15 15 15 15 15 14
4 11 11 12 7 12 10 12 7 12 1 13 11 3 2 5 11 11 11 12 5 7 5 7 11 11 7 1 5 10 10 3 4 11 1 15 12 13 12 13 10 13 9 4 11 11 12 7 12 10 13 7 12 1 12 11 4 2 5 11 11 11 12 5 7 5 7 10 11 7 1 5 11 10 2 4 11 1 15 14 14 14 11 8 13 8
2 11 10 12 7 11 9 11 7 12 1 12 10 4 3 5 10 10 11 12 5 7 5 7 9 11 7 1 5 9 9 3 3 10 1 15 15 15 15 15 14 13 12 3 11 9 12 6 10 9 12 7 12 1 12 11 4 3 5 9 10 10 13 5 7 5 7 9 11 7 1 4 8 7 3 3 11 1 15 15 15 15 14 14 14 12
4 11 11 12 8 12 11 12 7 12 1 12 10 4 3 5 11 11 11 12 5 7 5 7 11 11 7 1 5 9 11 2 4 11 1 15 15 15 15 15 15 15 14 5 11 11 12 6 12 10 13 7 12 1 13 11 3 3 5 10 11 11 12 5 7 5 7 10 11 7 1 5 11 11 3 3 11 1 15 15 15 15 15 15 15 14
3 11 11 13 8 13 10 12 7 13 1 13 11 3 4 5 11 11 11 13 5 7 5 7 11 11 7 1 5 10 11 4 4 11 1 15 15 15 15 14 15 15 13 5 11 11 12 11 13 11 12 7 13 1 12 11 5 3 5 11 11 11 12 5 7 5 7 10 11 7 1 4 11 10 3 3 11 1 15 15 15 15 14 15 15 13
3 11 11 13 8 12 9 12 7 12 1 13 11 3 3 5 11 9 11 12 5 7 5 7 10 11 7 1 4 9 10 2 3 11 1 15 15 15 15 14 15 15 13 4 11 11 13 8 12 10 13 7 12 1 12 11 3 3 5 10 10 10 12 5 7 5 7 10 11 7 1 4 9 10 2 2 11 1 15 15 15 15 15 14 15 13
3 11 11 13 12 12 10 13 7 13 1 13 11 4 5 5 11 11 11 13 5 7 5 7 10 11 7 1 4 10 11 3 2 11 1 15 14 15 15 15 15 15 15 3 11 11 13 12 12 11 13 7 13 1 13 10 5 4 5 11 11 11 13 5 7 5 7 10 11 7 1 4 10 11 3 2 11 1 15 15 15 15 15 14 15 15
4 11 9 11 6 12 10 12 7 12 1 12 11 3 3 5 11 11 11 12 5 7 5 7 11 11 7 1 5 10 10 3 4 11 1 15 14 15 15 15 13 15 13 5 11 11 11 5 12 11 12 7 12 1 13 10 5 2 5 11 11 11 12 5 7 5 7 9 11 7 1 5 10 10 2 3 11 1 15 14 15 15 15 15 14 12
5 11 10 12 9 12 11 12 7 12 1 12 10 4 2 5 11 11 11 12 5 7 5 7 11 11 7 1 5 11 10 3 5 11 1 15 15 15 15 14 12 15 13 5 11 8 13 6 12 11 12 7 13 1 12 11 4 2 5 11 11 11 13 5 7 5 7 11 11 7 1 5 11 9 3 5 11 1 15 15 15 15 14 12 14 14
3 11 11 12 9 12 8 13 7 12 1 13 11 3 3 5 11 11 11 13 5 7 5 7 9 11 7 1 4 8 8 2 4 11 1 15 15 14 15 15 13 14 12 4 11 10 13 9 12 10 12 7 13 1 12 10 3 3 5 11 10 11 13 5 7 5 7 10 11 7 1 5 10 10 2 2 11 1 15 15 15 15 14 12 13 14
2 11 11 13 9 12 11 11 7 12 1 13 11 4 3 5 11 11 11 13 5 7 5 7 9 11 7 1 5 11 11 2 3 11 1 15 14 15 15 14 14 14 13 3 11 11 12 9 11 11 12 7 13 1 13 11 3 3 5 10 11 11 13 5 7 5 7 11 11 7 1 4 10 11 3 3 11 1 15 15 15 15 15 15 14 10
4 11 11 12 9 12 11 13 7 13 1 13 11 4 5 5 11 11 11 12 5 7 5 7 10 11 7 1 5 9 10 2 3 11 1 15 15 15 15 15 15 15 14 4 11 10 13 9 12 11 12 7 13 1 13 11 4 4 5 11 10 11 12 5 7 5 7 9 11 7 1 4 9 11 3 4 11 1 15 15 15 15 15 15 14 15
4 11 10 13 6 12 9 13 7 13 1 12 11 5 3 5 11 11 11 12 5 7 5 7 10 11 7 1 5 8 10 4 5 10 1 15 15 15 15 15 15 15 15 5 11 11 12 9 12 10 12 7 12 1 12 10 5 3 5 10 10 10 12 5 7 5 7 10 11 7 1 5 10 9 4 4 11 1 15 15 15 15 15 15 15 15
5 11 10 13 10 12 9 12 7 13 1 13 11 5 2 5 11 10 11 13 5 7 5 7 11 11 7 1 5 11 7 3 4 11 1 15 15 15 15 15 15 15 15 5 11 10 12 10 13 10 13 7 13 1 13 11 4 3 5 11 11 10 12 5 7 5 7 11 11 7 1 5 10 11 3 4 11 1 15 15 15 15 15 15 15 15
2 11 11 13 9 12 9 12 7 13 1 13 11 3 4 5 11 10 11 13 5 7 5 7 10 11 7 1 3 10 9 2 2 11 1 15 15 15 15 15 15 13 12 2 11 10 13 10 12 10 12 7 13 1 13 10 4 3 5 10 11 10 12 5 7 5 7 10 11 7 1 3 10 11 2 2 11 1 15 15 15 15 14 13 15 13
4 11 11 13 7 11 9 12 7 12 1 13 11 3 2 5 11 10 11 12 5 7 5 7 11 11 7 1 4 9 10 2 4 11 1 15 14 15 15 15 14 15 10 5 11 11 12 8 12 10 11 7 12 1 12 10 3 2 5 11 10 11 13 5 7 5 7 10 11 7 1 5 10 10 2 2 11 1 15 14 15 15 13 14 14 13
3 11 11 13 8 13 11 12 7 13 1 13 11 3 3 5 11 10 11 13 5 7 5 7 11 11 7 1 4 11 11 2 4 11 1 15 14 15 15 15 15 15 14 2 11 11 12 11 13 11 12 7 12 1 13 11 3 3 5 10 11 11 12 5 7 5 7 11 11 7 1 5 11 11 2 4 11 1 15 15 15 15 15 15 15 13
2 10 11 13 9 11 11 12 7 12 1 12 10 3 2 5 11 11 11 12 5 7 5 7 11 11 7 1 4 7 10 2 2 11 1 15 14 14 15 15 14 14 13 3 10 9 13 7 11 11 12 7 13 1 12 11 3 2 5 11 10 11 13 5 7 5 7 10 11 7 1 3 11 11 2 2 11 1 15 15 15 15 14 15 15 10
4 11 11 13 7 11 10 12 7 13 1 13 11 4 3 5 11 11 11 13 5 7 5 7 11 11 7 1 5 10 10 2 5 11 1 15 15 15 15 15 13 13 14 5 11 11 13 10 12 10 11 7 12 1 12 11 3 4 5 11 11 11 12 5 7 5 7 10 11 7 1 5 11 10 2 4 11 1 15 14 15 15 14 14 14 14
3 11 11 13 6 12 11 11 7 13 1 13 11 4 2 5 10 10 11 12 5 7 5 7 11 11 7 1 5 10 10 2 3 11 1 15 14 15 15 15 12 14 15 3 11 11 12 9 11 10 12 7 12 1 12 11 3 3 5 11 10 11 12 5 7 5 7 10 11 7 1 5 10 11 2 3 11 1 15 15 15 15 14 14 15 12
3 10 11 13 6 12 8 12 7 12 1 12 11 4 2 5 11 10 11 13 5 7 5 7 11 11 7 1 5 8 9 3 3 11 1 15 15 15 15 15 14 15 15 3 11 11 12 8 12 10 12 7 12 1 12 10 4 2 5 10 11 10 12 5 7 5 7 10 10 7 1 4 9 10 3 4 10 1 15 15 15 15 15 15 15 14
2 11 11 12 7 12 11 11 7 12 1 12 10 3 2 5 11 10 11 12 5 7 5 7 11 11 7 1 3 9 10 2 2 11 1 15 14 14 15 15 14 14 12 3 11 11 12 6 11 9 12 7 12 1 13 11 3 2 5 10 10 11 12 5 7 5 7 10 11 7 1 2 11 11 2 2 11 1 15 15 15 15 15 12 13 13
4 11 11 13 11 12 10 12 7 13 1 12 11 3 4 5 11 11 11 13 5 7 5 7 10 11 7 1 5 11 11 2 3 11 1 15 15 14 15 14 14 14 12 5 11 11 12 9 13 11 13 7 13 1 13 11 4 3 5 11 11 11 13 5 7 5 7 11 11 7 1 4 10 10 2 3 11 1 15 15 15 15 15 14 14 10
4 11 11 13 8 12 10 12 7 12 1 12 11 4 5 5 11 11 11 13 5 7 5 7 11 11 7 1 5 8 10 3 5 11 1 15 15 15 15 15 15 15 15 5 10 11 13 8 12 10 12 7 12 1 13 11 5 4 5 11 10 11 12 5 7 5 7 10 11 7 1 5 11 10 3 4 11 1 15 15 15 15 15 15 15 15
4 11 10 13 9 13 10 13 7 13 1 13 11 4 3 5 11 9 9 13 5 7 5 7 11 11 7 1 5 10 9 4 4 11 1 15 15 14 15 15 14 14 14 5 11 9 13 12 13 10 12 7 12 1 13 10 4 5 5 10 10 11 12 5 7 5 7 11 11 7 1 5 10 10 2 3 10 1 15 15 15 15 14 15 15 12
3 11 10 13 10 13 10 12 7 13 1 13 11 4 3 5 11 11 11 13 5 7 5 7 11 11 7 1 5 10 9 4 4 11 1 15 15 15 15 15 14 14 10 4 11 10 13 11 12 10 12 7 13 1 13 11 4 4 5 11 11 11 13 5 7 5 7 10 11 7 1 5 11 9 3 3 11 1 15 14 15 15 14 13 14 13
3 10 10 11 5 12 11 13 7 12 1 12 11 5 4 5 11 11 11 12 5 7 5 7 9 11 7 1 5 10 9 4 5 11 1 15 15 15 15 15 15 15 14 4 11 10 12 7 12 10 12 7 12 1 12 10 5 4 5 10 11 11 12 5 7 5 7 10 11 7 1 5 9 11 4 4 11 1 15 15 15 15 15 15 15 14
3 11 11 12 11 12 11 9 7 13 1 13 11 4 3 5 11 10 11 12 5 7 5 7 11 11 7 1 5 9 11 2 5 11 1 15 14 15 14 14 12 15 13 4 11 11 13 8 12 11 11 7 13 1 13 11 3 4 5 11 10 11 12 5 7 5 7 9 11 7 1 5 9 11 2 4 11 1 15 15 15 15 15 10 14 13
2 10 10 12 6 12 10 12 7 12 1 13 11 4 3 5 10 9 11 12 5 7 5 7 11 11 7 1 3 8 10 2 2 10 1 15 15 15 15 15 15 15 14 2 11 11 12 7 12 11 12 7 12 1 12 11 3 4 5 10 9 10 12 5 7 5 7 10 11 7 1 3 10 10 2 2 11 1 15 15 15 15 14 15 15 15
5 11 10 12 6 12 10 12 7 12 1 12 11 4 3 5 10 10 11 12 5 7 5 7 11 11 7 1 5 10 8 3 4 11 1 15 15 15 15 15 15 15 15 5 11 10 12 6 12 10 12 7 12 1 12 11 4 4 5 11 11 11 12 5 7 5 7 10 11 7 1 5 9 10 2 4 11 1 15 15 15 15 15 15 15 15
4 11 11 13 12 13 10 13 7 13 1 13 11 4 3 5 11 11 11 13 5 7 5 7 11 11 7 1 4 11 10 4 2 11 1 15 15 15 15 15 15 15 14 4 11 11 13 12 13 10 13 7 13 1 13 11 4 3 5 11 11 11 13 5 7 5 7 10 11 7 1 4 10 10 4 2 11 1 15 15 15 15 15 15 15 14
5 10 11 13 10 10 8 11 7 12 1 12 10 3 4 5 11 10 11 12 5 7 5 7 11 11 7 1 5 10 8 2 5 11 1 15 15 15 15 14 14 15 15 5 11 9 13 7 10 10 12 7 13 1 12 10 4 3 5 11 10 10 13 5 7 5 7 9 11 7 1 5 9 10 2 5 10 1 15 15 15 15 15 15 15 13
4 10 11 13 7 12 11 12 7 12 1 12 11 4 2 5 11 10 11 12 5 7 5 7 9 11 7 1 4 9 10 3 3 11 1 15 15 14 14 15 11 15 14 4 11 11 13 7 12 10 12 7 12 1 12 11 4 2 5 11 11 11 12 5 7 5 7 10 11 7 1 5 8 11 3 2 11 1 15 15 15 14 15 13 14 12
2 11 11 13 8 12 10 10 7 13 1 13 11 2 3 5 10 10 10 13 5 7 5 7 10 11 7 1 5 9 11 2 3 11 1 15 15 15 15 15 15 15 12 3 10 11 13 10 11 11 11 7 12 1 13 11 2 3 5 11 10 10 12 5 7 5 7 10 11 7 1 4 9 11 2 3 10 1 15 15 15 15 14 14 15 14
2 11 10 13 8 12 10 12 7 13 1 12 11 3 4 5 11 11 11 13 5 7 5 7 10 11 7 1 5 10 11 2 4 11 1 15 15 15 15 15 15 15 14 4 11 11 13 9 12 11 12 7 12 1 13 11 4 3 5 11 11 11 12 5 7 5 7 9 11 7 1 4 9 9 2 3 11 1 15 15 15 15 15 15 15 14
5 11 11 13 11 12 9 13 7 12 1 13 11 4 3 5 11 10 11 13 5 7 5 7 10 11 7 1 5 11 11 3 3 11 1 15 15 15 15 15 15 15 11 4 11 11 13 10 13 11 12 7 13 1 13 10 3 5 5 11 11 10 13 5 7 5 7 11 11 7 1 5 9 11 2 4 11 1 15 14 15 15 14 14 15 14
3 11 9 13 10 13 10 13 7 13 1 12 11 4 3 5 11 11 11 13 5 7 5 7 9 11 7 1 5 10 11 4 4 11 1 15 15 15 15 15 15 15 13 3 11 11 13 11 13 11 12 7 13 1 13 10 5 2 5 11 11 11 12 5 7 5 7 11 11 7 1 5 10 9 4 4 11 1 15 15 15 15 15 14 15 14
5 11 10 13 6 12 10 13 7 13 1 12 11 4 2 5 11 10 11 12 5 7 5 7 11 11 7 1 5 10 9 2 4 11 1 15 15 15 15 15 12 15 14 4 11 10 12 9 12 10 12 7 12 1 12 10 3 3 5 11 11 11 12 5 7 5 7 10 11 7 1 5 10 10 2 5 11 1 15 15 15 15 14 13 15 14
3 10 11 13 7 13 11 12 7 12 1 12 11 4 3 5 11 9 11 12 5 7 5 7 10 11 7 1 5 10 11 3 4 11 1 15 15 14 15 15 13 15 13 4 11 11 12 8 12 11 12 7 13 1 12 11 5 2 5 8 11 11 12 5 7 5 7 8 11 7 1 4 8 11 3 4 11 1 15 15 15 13 15 13 15 14
3 11 11 12 6 12 11 11 7 12 1 13 11 4 2 5 11 10 11 13 5 7 5 7 11 11 7 1 5 11 10 2 4 11 1 15 15 14 15 15 14 15 11 3 11 11 12 8 12 10 11 7 12 1 12 11 3 2 5 11 11 11 12 5 7 5 7 11 11 7 1 5 10 11 3 4 11 1 15 15 15 14 14 14 14 13
2 10 10 13 8 13 8 12 7 13 1 13 11 3 4 5 11 11 11 13 5 7 5 7 11 11 7 1 3 8 11 2 3 11 1 15 15 15 15 15 14 15 15 3 11 11 13 11 12 11 12 7 12 1 13 9 4 3 5 11 10 10 12 5 7 5 7 10 11 7 1 3 11 10 2 2 11 1 15 15 15 15 15 15 15 14
5 11 10 13 9 13 11 13 7 13 1 13 11 5 4 5 11 10 11 13 5 7 5 7 11 11 7 1 5 9 8 3 5 11 1 15 15 15 15 15 13 15 13 5 10 10 12 12 12 10 12 7 13 1 13 11 5 4 5 11 11 11 13 5 7 5 7 10 11 7 1 5 10 11 3 5 11 1 15 15 15 15 15 13 15 13
5 11 11 13 6 12 11 12 7 13 1 13 11 3 3 5 11 11 11 13 5 7 5 7 10 11 7 1 5 10 10 4 5 11 1 15 15 15 15 15 14 15 14 5 11 10 12 11 12 11 11 7 12 1 12 11 4 4 5 11 11 11 12 5 7 5 7 10 11 7 1 5 10 11 2 5 11 1 15 15 15 15 15 15 15 13
5 11 11 12 6 12 10 12 7 12 1 12 11 4 3 5 11 10 11 12 5 7 5 7 10 11 7 1 5 11 9 3 5 11 1 15 15 15 15 15 15 15 11 5 11 11 12 6 12 10 12 7 12 1 12 11 4 4 5 11 11 11 12 5 7 5 7 11 11 7 1 5 9 11 2 5 11 1 15 14 15 15 14 15 14 14
2 11 11 13 9 11 10 11 7 12 1 12 11 2 4 5 11 11 11 13 5 7 5 7 11 11 7 1 4 10 10 2 3 11 1 15 14 15 15 15 15 15 14 3 11 10 13 8 10 11 12 7 13 1 12 11 3 3 5 11 11 11 13 5 7 5 7 9 11 7 1 4 10 10 2 2 11 1 15 15 15 15 14 15 15 14
5 11 10 12 10 13 9 13 7 13 1 12 11 5 3 5 11 11 11 12 5 7 5 7 11 11 7 1 5 11 8 3 5 11 1 15 15 15 15 14 15 15 14 5 11 10 13 9 12 11 13 7 13 1 13 11 4 4 5 11 11 11 12 5 7 5 7 11 11 7 1 5 11 10 3 5 11 1 15 15 15 15 14 15 15 14
5 11 10 12 7 12 11 12 7 12 1 12 11 4 2 5 11 10 11 12 5 7 5 7 10 11 7 1 5 10 9 3 5 11 1 15 15 15 14 14 14 13 14 5 11 10 11 5 12 11 12 7 13 1 12 11 4 2 5 9 10 11 12 5 7 5 7 11 11 7 1 5 11 11 3 5 11 1 15 15 15 15 15 13 13 13
5 11 11 12 6 9 9 11 7 12 1 12 11 3 3 5 10 10 11 10 5 7 5 7 11 11 7 1 5 10 9 2 4 11 1 15 15 15 15 15 14 14 13 4 11 10 12 6 9 10 10 7 12 1 12 10 4 2 5 11 11 11 11 5 7 5 7 8 11 7 1 5 9 10 2 5 11 1 15 14 15 15 15 15 15 12
3 11 11 13 6 12 10 11 7 13 1 13 9 2 3 5 10 10 9 12 5 7 5 7 11 11 7 1 4 7 11 3 4 11 1 15 15 15 15 15 15 15 14 3 10 11 12 9 12 9 12 7 12 1 11 11 2 3 5 10 10 11 12 5 7 5 7 10 11 7 1 5 9 10 3 3 11 1 15 15 15 15 15 15 15 14
2 10 11 12 11 12 9 13 7 12 1 12 11 4 3 5 11 9 11 12 5 7 5 7 10 11 7 1 4 8 9 4 3 11 1 15 14 15 15 14 14 14 13 3 10 10 13 7 13 10 12 7 13 1 13 10 4 3 5 9 10 11 13 5 7 5 7 9 11 7 1 4 8 10 4 2 11 1 15 15 15 15 14 14 15 11
5 11 10 12 6 9 11 9 7 12 1 12 9 2 2 5 11 9 10 12 5 7 5 7 11 11 7 1 5 10 9 2 4 11 1 15 15 15 15 14 14 13 12 4 11 9 11 5 10 6 10 7 12 1 10 10 2 2 5 10 10 11 12 5 7 5 7 11 11 7 1 5 10 11 2 5 11 1 15 15 14 15 14 14 13 13
5 11 11 13 11 13 11 12 7 13 1 13 11 3 3 5 11 11 11 13 5 7 5 7 11 11 7 1 5 11 11 4 5 11 1 15 15 15 15 15 15 15 15 5 11 11 13 11 13 11 12 7 13 1 13 11 4 3 5 11 11 11 13 5 7 5 7 11 11 7 1 5 11 11 3 5 11 1 15 15 15 15 15 15 15 15
2 11 10 12 7 12 8 12 7 13 1 12 9 2 2 5 10 9 10 12 5 7 5 7 9 11 7 1 5 8 9 2 3 11 1 15 14 14 14 13 12 13 11 3 10 8 12 7 12 8 12 7 13 1 12 8 2 2 5 9 10 10 12 5 7 5 7 9 11 7 1 4 9 10 2 3 11 1 15 15 15 14 14 10 14 9
4 11 10 13 11 12 11 12 7 13 1 13 10 3 4 5 11 9 11 13 5 7 5 7 10 11 7 1 5 9 10 3 4 11 1 15 15 15 15 15 13 14 13 3 11 10 13 10 13 10 12 7 13 1 13 10 5 3 5 10 10 11 13 5 7 5 7 9 11 7 1 5 8 11 2 5 11 1 15 15 15 15 15 13 15 12
3 10 8 13 7 12 9 12 7 13 1 13 11 4 3 5 10 11 10 13 5 7 5 7 10 11 7 1 5 10 8 2 5 11 1 15 15 15 15 15 15 15 15 4 11 9 12 10 12 9 12 7 12 1 13 9 3 4 5 11 10 11 12 5 7 5 7 11 11 7 1 5 8 8 2 4 11 1 15 15 15 15 15 15 15 15
3 11 11 13 11 12 11 12 7 13 1 13 11 3 4 5 11 10 11 13 5 7 5 7 11 11 7 1 4 11 11 3 2 11 1 15 15 15 15 15 15 14 14 2 11 11 13 11 11 11 13 7 13 1 13 11 5 3 5 11 11 11 13 5 7 5 7 11 11 7 1 4 10 11 2 3 11 1 15 15 15 15 15 15 15 13
3 11 11 13 6 12 10 12 7 13 1 12 11 3 2 5 11 10 11 13 5 7 5 7 11 11 7 1 5 11 11 2 2 11 1 15 15 15 15 15 14 15 10 3 11 11 12 9 12 11 12 7 12 1 12 11 3 2 5 10 11 11 12 5 7 5 7 11 11 7 1 4 11 10 2 3 11 1 15 15 14 14 14 14 14 14
5 11 10 12 8 12 9 12 7 12 1 12 10 4 4 5 10 10 11 13 5 7 5 7 10 11 7 1 5 10 8 3 5 11 1 15 15 15 15 14 14 14 14 5 11 10 11 6 12 9 13 7 12 1 13 11 5 4 5 11 11 11 12 5 7 5 7 9 11 7 1 5 7 9 2 5 11 1 15 15 15 15 15 14 14 13
3 11 11 12 9 11 10 12 7 12 1 12 11 3 3 5 11 10 11 12 5 7 5 7 10 11 7 1 5 10 10 3 4 11 1 15 13 14 14 13 14 13 14 3 11 10 13 7 10 10 12 7 13 1 13 10 5 2 5 9 11 11 12 5 7 5 7 9 11 7 1 5 10 10 2 4 11 1 15 15 15 15 11 14 14 11
5 11 11 12 8 12 11 10 7 12 1 12 11 3 3 5 11 11 11 12 5 7 5 7 11 11 7 1 5 10 11 3 3 11 1 15 15 15 15 15 15 14 14 4 11 10 10 5 11 11 13 7 13 1 12 11 5 2 5 11 11 11 12 5 7 5 7 10 11 7 1 5 11 10 2 4 11 1 15 15 15 15 14 14 15 15
5 11 9 12 8 13 10 13 7 13 1 12 11 5 2 5 10 9 10 12 5 7 5 7 11 11 7 1 5 11 9 4 5 11 1 15 15 15 15 15 15 14 14 5 11 10 13 9 12 11 12 7 12 1 13 11 4 3 5 10 10 11 12 5 7 5 7 11 11 7 1 5 10 9 4 5 10 1 15 15 15 15 15 15 15 13
2 11 9 12 6 12 9 7 6 12 1 12 9 2 3 5 10 9 10 12 5 7 5 7 10 11 7 1 3 9 9 2 2 11 1 15 12 14 12 13 9 12 10 2 11 9 10 5 11 8 11 7 11 1 12 10 2 1 5 8 11 11 11 5 7 5 7 9 11 6 1 2 8 10 0 3 11 1 15 12 14 13 12 10 12 9
3 11 11 12 6 11 7 11 7 12 1 12 10 2 3 5 11 10 11 12 5 7 5 7 9 11 7 1 4 9 8 2 4 11 1 15 15 15 15 14 14 15 15 2 11 9 12 6 12 11 10 7 12 1 12 10 2 3 5 9 10 9 12 5 7 5 7 10 11 7 1 5 10 10 2 4 11 1 15 14 15 15 15 14 15 15
4 11 11 13 7 12 10 13 7 12 1 12 11 4 2 5 11 11 11 12 5 7 5 7 11 11 7 1 5 10 9 3 4 11 1 15 15 15 15 15 14 15 14 4 11 10 12 8 12 10 12 7 12 1 12 10 4 2 5 11 10 11 13 5 7 5 7 11 11 7 1 5 11 11 3 4 11 1 15 15 15 15 15 14 14 15
2 11 11 13 10 12 10 13 7 13 1 13 11 4 4 5 11 10 11 13 5 7 5 7 10 11 7 1 5 10 11 5 5 11 1 15 15 15 15 15 15 15 15 4 11 11 13 11 12 11 12 7 13 1 13 11 5 5 5 11 11 11 13 5 7 5 7 10 11 7 1 4 9 10 3 4 11 1 15 15 15 15 15 15 15 15
5 11 9 12 8 12 10 12 7 12 1 12 11 5 4 5 11 11 11 12 5 7 5 7 11 11 7 1 5 10 11 5 5 11 1 15 15 15 15 15 15 15 14 5 11 11 12 6 13 11 13 7 12 1 12 9 5 5 5 10 11 11 12 5 7 5 7 8 11 7 1 5 10 10 4 5 11 1 15 15 15 15 15 15 15 14
4 11 11 13 8 12 10 12 7 12 1 12 11 3 2 5 11 11 11 12 5 7 5 7 11 11 7 1 5 10 10 3 5 11 1 15 15 15 15 14 15 15 14 4 11 11 12 7 12 10 12 7 12 1 13 11 4 2 5 11 10 11 13 5 7 5 7 10 11 7 1 5 10 10 2 5 11 1 15 15 15 15 14 15 14 15
2 11 11 12 8 12 10 12 7 12 1 12 11 3 2 5 11 10 11 11 5 7 5 7 11 11 7 1 3 9 10 2 2 11 1 15 15 15 14 15 15 14 14 3 11 11 12 6 12 10 11 7 13 1 13 11 3 2 5 10 11 11 12 5 7 5 7 10 11 7 1 2 10 10 2 2 11 1 15 15 15 15 15 15 15 12
