0.846512
0.871956
0.884815
0.866211
0.908071
0.861012
0.845964
0.836115
0.853625
0.838577
0.82052
0.840492
0.697674
0.91409
0.849248
0.879891
0.79617
0.891382
0.868947
0.869494
0.885636
0.859097
0.858824
0.850342
0.878249
0.871135
0.852257
0.888919
0.892202
0.847332
0.853352
0.90643
0.858276
0.85171
0.863475
0.833653
0.82736
0.848153
0.85171
0.856908
0.870862
0.865937
0.894391
0.884268
0.84186
0.85554
0.879891
0.778933
0.835021
0.865663
0.886457
0.897401
0.892202
0.87606
0.87606
0.904514
0.868947
0.84487
0.870588
0.904514
0.850342
0.894118
0.882627
0.893844
0.8829
0.904241
0.885089
0.885636
0.827907
0.859371
0.838851
0.866484
0.863201
0.863475
0.886457
0.852257
0.883721
0.846785
0.879891
0.838851
0.858003
0.842681
0.83119
0.888646
0.829001
0.875513
0.836389
0.882353
0.897948
0.811765
0.853625
0.899042
0.902326
0.873598
0.836115
0.883995
0.88974
0.848427
0.875513
0.885636
0.902873
0.842134
0.888372
0.832558
0.830643
0.833379
0.828728
0.875513
0.909986
0.836936
0.865937
0.821067
0.89275
0.90725
0.900958
0.834473
0.87606
0.873598
0.900684
0.897948
0.822161
0.925855
0.858276
0.876881
0.875239
0.87223
0.863748
0.871683
0.840766
0.908892
0.863475
0.870315
0.856908
0.868126
0.873598
0.82052
0.863201
0.889193
0.929685
0.88974
0.874145
0.881259
0.847332
0.844323
0.887551
0.877702
0.883721
0.871683
0.891929
0.893023
0.885636
0.87223
0.850068
0.843502
0.869494
0.863201
0.889466
0.858824
0.901231
0.838577
0.905882
0.888372
0.872503
0.835021
0.888646
0.918194
0.829275
0.833926
0.914637
0.885089
0.922845
0.912175
0.865663
0.898222
0.855267
0.860192
0.882079
0.908618
0.851984
0.866758
0.874419
0.90643
0.886183
0.832285
0.871409
0.891655
0.850616
0.8342
0.893844
0.870862
0.864843
0.774829
0.883721
0.896306
0.880985
0.879617
0.89357
0.895759
0.87606
0.874966
0.880985
0.883721
0.853899
0.888919
0.890561
0.897674
0.89357
0.808482
0.866758
0.8487
0.82435
0.854172
0.902052
0.911081
0.875513
0.877155
0.867031
0.833926
0.850889
0.771272
0.889466
0.830917
0.888372
0.847059
0.815595
0.777291
0.811218
0.859097
0.86922
0.905335
0.887004
0.842955
0.859371
0.857456
0.848153
0.874692
0.833926
0.888919
0.914637
0.887825
0.726676
0.877975
0.925308
0.790424
0.866211
0.923666
0.853352
0.811218
0.886457
0.901505
0.853625
0.920657
0.871683
0.883447
0.870862
0.87606
0.888372
0.872777
0.917647
0.868673
0.836936
0.866758
0.841587
0.883721
0.860739
0.846238
0.829822
0.911354
0.875787
0.856635
0.88974
0.87907
0.882353
0.835841
0.857729
0.903146
0.877975
0.843502
0.84186
0.881259
0.894391
0.885363
0.840492
0.854993
0.883447
0.876881
0.883174
0.889466
0.882079
0.847606
0.899316
0.883721
0.848974
0.887004
0.851984
0.810397
0.883447
0.806019
0.856908
0.870315
0.873324
0.852531
0.86539
0.870315
0.884268
0.864569
0.690834
0.806566
0.854446
0.901778
0.899863
0.877155
0.83803
