146.966
90.5007
77.7962
144.207
63.516
89.2985
73.1107
77.372
120.068
81.6219
102.873
89.7914
97.7141
71.5731
180.66
99.7262
125.05
115.427
109.211
159.026
88.6853
120.487
111.164
100.776
79.8629
142.85
82.7036
69.4189
80.0879
120.839
85.3108
90.8587
135.742
80.1279
94.8127
109.669
106.889
161.151
73.3274
126.373
97.7231
79.2691
83.8834
95.7019
64.7114
147.834
118.568
83.8988
71.9769
87.2069
66.2801
59.193
87.5549
84.882
96.2792
117.94
91.704
49.3128
136.952
75.2863
116.125
102.116
113.01
118.491
72.7875
94.8156
86.1782
86.5468
102.822
104.407
153.459
163.466
127.463
144.929
118.942
79.6218
53.598
73.2044
80.8541
76.4219
86.4967
102.909
65.3414
82.6296
106.271
125.91
113.536
119.568
72.9143
89.5632
92.2157
104.445
72.6727
93.337
99.1586
60.1384
63.9522
94.7616
102.351
99.3561
73.2139
107.896
68.8357
166.646
130.259
91.682
139.867
100.827
73.0544
63.8131
87.3362
93.2627
116.632
91.4572
79.6272
112.405
75.3664
106.28
86.2577
96.829
91.9955
71.0494
190.693
109.248
57.4713
68.1871
139.683
103.56
142.328
122.589
94.4053
50.0584
66.9451
77.6367
79.847
118.19
94.5512
129.64
132.806
120.004
131.743
84.4929
137.31
260.131
125.947
104.743
81.3451
99.7766
199.899
64.4383
110.843
120.604
69.0625
77.1703
48.2956
201.939
68.5913
82.2241
92.7116
75.3079
106.118
85.4588
128.406
60.2795
107.226
105.278
57.9204
46.1746
120.278
109.619
95.6692
87.8474
108.063
60.0112
123.013
62.0541
148.914
82.8303
147.811
169.387
131.061
73.2066
239.846
72.7954
114.743
66.6812
96.6407
122.039
90.9441
124.971
156.024
133.551
100.378
74.1954
113.834
90.4081
79.0132
68.0235
89.9421
87.2139
123.626
108.472
95.9064
106.406
69.0473
77.8012
76.468
43.1634
69.497
73.8177
133.219
144.784
89.1661
103.607
67.2153
99.057
108.9
105.25
76.5177
80.8119
81.3949
96.9727
79.8021
124.722
153.284
86.4643
106.779
130.843
86.94
84.8702
175.206
67.5001
87.4085
89.9199
127.356
127.055
74.308
138.211
115.247
87.3613
142.864
108.067
224.368
185.055
85.1983
68.1255
110.978
85.0629
96.6255
125.527
115.989
78.1262
186.368
104.183
71.7909
153.452
118.724
76.6119
58.6146
84.2446
171.095
53.433
136.448
102.954
57.472
60.9516
85.9699
158.518
108.56
112.372
135.729
250.505
46.4085
115.916
89.8477
61.0576
134.478
102.596
97.7913
122.473
110.479
60.8038
112.447
88.6342
61.8964
77.5791
66.4595
91.0988
150.261
96.1204
165.184
89.7366
112.758
72.2111
113.07
119.252
64.1407
134.139
65.447
75.8267
116.602
94.99
66.0112
62.0764
79.4308
99.6473
182.976
68.0846
123.575
92.4998
85.1705
73.2885
106.727
