91.5751
61.2683
51.1254
101.301
46.3433
63.7533
46.4558
52.0811
73.8764
60.7279
74.0611
56.5163
77.5791
49.056
111.632
67.1956
82.5637
78.3181
77.0828
122.332
59.7471
76.2695
69.4165
64.9104
56.3029
95.8886
57.3545
48.6377
53.6229
81.2439
55.8458
59.0196
96.6229
53.3155
68.2376
67.6089
69.9153
113.355
49.7781
107.017
71.2286
58.6428
57.6376
62.619
46.1228
96.7075
85.8122
57.6745
48.2093
60.7129
45.1222
44.8024
55.4819
56.3729
61.9208
83.2364
67.1575
34.0822
95.0715
53.1095
87.5933
78.2863
69.554
78.623
50.2899
63.8533
55.4913
58.5501
68.5822
72.6853
102.357
113.735
79.2849
84.8254
80.841
53.0721
35.886
52.0129
56.767
54.2433
58.7786
76.3912
44.2085
59.4464
73.0142
76.2492
82.0817
80.3583
50.3659
61.5695
63.0052
76.096
48.5124
61.7252
65.503
40.6715
41.7849
65.6239
68.5425
62.2486
49.6427
72.1228
50.2378
126.939
83.5095
58.2678
85.8929
71.2381
52.8226
42.6689
55.2756
58.9381
78.1204
60.3108
52.5763
73.0592
48.67
66.3475
58.9683
63.8749
60.674
47.8874
120.566
68.581
39.36
45.5299
92.3571
66.0787
100.488
91.9802
64.0779
35.487
47.7978
50.9713
54.3434
76.872
64.2561
84.1364
97.6782
91.0684
87.5513
58.8515
95.9854
188.477
86.2792
67.8022
57.2667
66.6845
167.067
46.7166
85.5909
81.0124
46.6051
52.2995
33.0221
154.68
49.2343
54.1155
60.7606
48.4755
76.4803
62.0201
81.0947
40.856
69.5282
69.9953
40.2921
31.4495
78.6595
84.2338
60.2887
64.9568
70.4995
40.7498
76.998
42.7393
114.454
54.8835
108.002
106.216
82.7309
50.452
156.712
52.1759
82.6343
46.397
62.4706
82.5606
62.7525
80.5747
109.244
96.6141
65.3992
51.4025
73.2752
64.0891
55.5581
46.9412
62.045
60.4587
100.026
70.5
65.3859
80.2622
47.1322
55.0618
52.3871
30.0831
46.3351
52.5745
103.327
93.5618
61.2834
65.9074
44.7543
60.8972
74.5936
76.8557
52.7918
51.8613
58.7807
65.1687
54.5861
81.9822
126.068
59.1527
67.7015
84.0317
59.0698
55.4628
131.429
49.1491
55.5999
64.4288
88.2724
100.724
49.3222
98.9413
76.3241
61.3497
97.2488
76.9745
156.061
116.926
58.764
49.2576
76.4547
60.2852
64.1308
102.6
84.5504
56.9871
110.903
66.965
46.1319
107.513
73.5294
55.955
42.0669
53.717
110.478
36.877
104.974
77.0473
38.4304
41.8506
54.041
107.387
88.2001
77.6918
94.7931
145.41
33.1279
73.6225
58.9009
44.1772
84.1809
81.1694
63.1267
81.9174
76.8297
40.6337
72.4318
58.9508
40.9309
55.77
46.6019
68.8854
117.516
62.221
111.869
63.6221
80.4943
48.566
72.7429
79.6165
41.7475
104.854
43.0023
50.9513
69.8333
62.8542
44.6099
42.2314
57.4603
77.5242
134.123
49.5118
80.8568
62.4047
56.5872
53.2896
75.202
