0.0673169
0.076134
0.0743243
0.0714759
0.0723871
0.078823
0.0758443
0.0702889
0.0751722
0.0756863
0.0755532
0.0752668
0.0724132
0.0743682
0.0761539
0.0731655
0.0740764
0.0751773
0.0723416
0.0734398
0.0769715
0.0755462
0.0748926
0.0761009
0.0738036
0.0756016
0.0793401
0.0766161
0.0754419
0.0746613
0.0726562
0.0728744
0.0738206
0.0724979
0.075046
0.071952
0.0721249
0.0751686
0.0720312
0.0757128
0.0735817
0.0766273
0.0733362
0.0756269
0.0765881
0.0750628
0.0737323
0.073275
0.0706107
0.072517
0.0738444
0.074889
0.0757525
0.0742252
0.0782493
0.0734676
0.0722199
0.0757954
0.0742874
0.0738866
0.0754615
0.0740015
0.0747461
0.0755236
0.0786042
0.0738477
0.0743262
0.0773619
0.0706422
0.0725352
0.0788556
0.0769811
0.0753483
0.0767559
0.071251
0.0723269
0.0734568
0.0785504
0.0742095
0.0737662
0.0729626
0.0754393
0.0744003
0.0737923
0.0744202
0.0728632
0.076498
0.0728388
0.0743851
0.0789473
0.0748195
0.0727005
0.0724078
0.0770331
0.0739266
0.0760387
0.0752805
0.0732251
0.0740094
0.0727555
0.0732434
0.074412
0.0760043
0.0775595
0.0714199
0.0711132
0.0734665
0.0734233
0.0747934
0.0746926
0.0720896
0.0726742
0.0746584
0.0757619
0.0724017
0.0754433
0.0753604
0.0713226
0.0746327
0.0697458
0.0782697
0.074501
0.073089
0.0774691
0.0741999
0.0779058
0.0755311
0.0742766
0.0735844
0.0731557
0.072658
0.0755578
0.073723
0.0747337
0.0779378
0.0684975
0.0729294
0.0747786
0.0750291
0.0766261
0.0719131
0.0744854
0.074153
0.0743346
0.0775729
0.0758533
0.0759418
0.0721751
0.0752847
0.0738308
0.0765571
0.0785449
0.0758047
0.0729499
0.072669
0.0710248
0.0723589
0.0742237
0.0762182
0.0769758
0.0754039
0.0720644
0.0749423
0.07409
0.0738814
0.0713386
0.0761088
0.0722551
0.0754935
0.072438
0.0773929
0.0730544
0.0732524
0.0740264
0.0734258
0.0728976
0.0736431
0.0745357
0.0764722
0.0750698
0.0761048
0.0731297
0.0761563
0.0752408
0.0736891
0.0736904
0.0746015
0.0732941
0.0743386
0.0744829
0.0756551
0.0686303
0.0735646
0.0747213
0.0750605
0.073657
0.0701619
0.0753034
0.0727007
0.0729506
0.0700543
0.0756587
0.0765009
0.0704581
0.0736634
0.0763439
0.0738906
0.0771187
0.0744094
0.0777881
0.0760732
0.0689466
0.075283
0.0727428
0.0741799
0.0724023
0.0764261
0.0768482
0.0729986
0.0720205
0.0747126
0.0755404
0.0760958
0.0741686
0.0756079
0.0735364
0.0736228
0.0757784
0.0768921
0.0734609
0.0729936
0.0735168
0.0729254
0.0726058
0.0744251
0.0720883
0.0757847
0.0731602
0.073445
0.0757077
0.0748598
0.0735016
0.0734519
0.0737661
0.0732177
0.0762492
0.0720801
0.0749135
0.0719785
0.0745389
0.0728656
0.0741923
0.075743
0.0769644
0.0749296
0.0756281
0.0763588
0.0757891
0.0768859
0.0745066
0.0778798
0.0746603
0.0765735
0.0754493
0.0737782
0.0763588
0.0736374
0.0761104
0.0755253
0.0734906
0.0729983
0.076053
0.0753266
0.0754832
0.0780942
0.0761002
0.0752393
0.0754104
0.0726305
0.074668
0.0763773
0.0727163
0.0716603
0.0757022
0.0753111
0.070648
0.0752916
0.0754176
0.0748001
0.0750797
0.0740425
0.0693754
0.0777998
0.0747525
0.0754108
0.0753458
0.0742099
0.0742947
0.0725662
0.0739561
0.0748992
0.0772778
0.0736959
0.0751536
0.0762343
0.07654
0.0748776
0.0791947
0.076379
0.0770766
0.0752191
0.0735637
0.0751777
