0.0561832
0.0558751
0.0662859
0.0433163
0.0605777
0.0649892
0.0873194
0.0713309
0.0656835
0.0643705
0.0729712
0.0736937
0.0666571
0.0622393
0.0601425
0.0491582
0.0478475
0.051224
0.0457393
0.0414271
0.057656
0.0716718
0.0857587
0.0545376
0.047078
0.0642064
0.0556316
0.0612101
0.0623706
0.0548097
0.0625678
0.0675914
0.0462141
0.067705
0.0460747
0.0683587
0.0518118
0.0576929
0.0734041
0.0637117
0.0575786
0.0826973
0.0672475
0.0755446
0.0842729
0.0489269
0.0557642
0.0579048
0.0734015
0.0727608
0.0725567
0.0724663
0.0670712
0.0629829
0.0635295
0.0525021
0.0672002
0.0879732
0.0601406
0.0787421
0.0757681
0.0533048
0.0766196
0.0455359
0.0628322
0.0511471
0.0638532
0.0609348
0.0505295
0.0702906
0.0556247
0.0633342
0.0651489
0.0793678
0.0518518
0.0656989
0.0912506
0.0695295
0.0504299
0.0569826
0.0571357
0.0691282
0.0822289
0.0799835
0.0563811
0.0677101
0.0682284
0.0471336
0.0660157
0.0542489
0.0542213
0.0377795
0.0720329
0.0553897
0.0543654
0.0791988
0.0750518
0.0496651
0.0470701
0.067633
0.0744581
0.0553738
0.0724489
0.0604435
0.0672444
0.0734611
0.057771
0.0483577
0.0587484
0.0714624
0.0789731
0.082696
0.0538702
0.0760181
0.064166
0.0783182
0.0768607
0.0685142
0.0539434
0.0531829
0.0520829
0.0749901
0.0630662
0.0606673
0.080138
0.0789174
0.0469117
0.0538502
0.0579462
0.0547972
0.047485
0.0802272
0.0563057
0.0728781
0.0658748
0.0609233
0.0587647
0.0584888
0.0458019
0.0646281
0.0712701
0.054959
0.0536008
0.0553612
0.0427172
0.0564459
0.0486172
0.0591253
0.0505473
0.0683965
0.0573623
0.0562411
0.0725625
0.0632176
0.0925663
0.0702142
0.0584771
0.0660366
0.0690442
0.0831779
0.0629736
0.0426817
0.0649017
0.0781602
0.0565694
0.0540415
0.0705577
0.0951595
0.0654516
0.0635774
0.0663888
0.0589614
0.0684223
0.0812409
0.0570229
0.0838713
0.067213
0.0616736
0.0483412
0.0551003
0.0502854
0.0615861
0.0469122
0.0782214
0.0438587
0.0766229
0.0503234
0.0646396
0.0544403
0.0550973
0.0569434
0.0465684
0.0693897
0.057411
0.0567248
0.0765778
0.0776096
0.0782039
0.0563861
0.0445715
0.0769626
0.0536344
0.0500156
0.0536844
0.0739329
0.0759623
0.0582037
0.0925573
0.0701104
0.058539
0.0527826
0.0539479
0.0565792
0.0627819
0.0756184
0.0779011
0.0454941
0.0725673
0.0622081
0.0769781
0.0772602
0.0525478
0.056934
0.0518461
0.0522181
0.0525802
0.0648449
0.0607236
0.0606222
0.0652882
0.0318381
0.0674278
0.0698077
0.0633273
0.0524679
0.0517862
0.0672311
0.0536024
0.0522344
0.0499208
0.0456209
0.0596224
0.0416647
0.0463509
0.065572
0.0574247
0.0586067
0.0540274
0.0587713
0.0714563
0.0576369
0.0676039
0.0598995
0.0574585
0.0870733
0.0592713
0.0600235
0.0491788
0.0708409
0.0699909
0.0535127
0.0824893
0.0580887
0.0581474
0.0826377
0.0705191
0.0753528
0.0721181
0.0654761
0.0482071
0.0427016
0.0511555
0.0816584
0.0562946
0.0649554
0.0769974
0.0670973
0.0684692
0.0616794
0.0518935
0.0576973
0.0748191
0.0509818
0.0603549
0.0971689
0.0517913
0.0667329
0.0714311
0.0631999
0.0614773
0.0472044
0.0518196
0.070963
0.0712383
0.0547412
0.0488144
0.0813871
0.0453225
0.0790624
0.0647996
0.072691
0.0752224
0.0729201
0.0714116
0.0754784
0.0749813
0.0858023
0.0891952
0.0620913
0.064622
0.058039
0.0677919
0.0840703
