0.500276
0.475886
0.48489
0.472929
0.494802
0.503182
0.513284
0.481486
0.511428
0.502292
0.479837
0.489276
0.494853
0.512132
0.459823
0.456587
0.512852
0.473218
0.455877
0.445596
0.51232
0.467205
0.462237
0.498366
0.435763
0.481445
0.485321
0.468089
0.493215
0.511683
0.491244
0.482827
0.493625
0.450027
0.48273
0.4675
0.447986
0.455758
0.420232
0.474773
0.489133
0.430138
0.495124
0.472344
0.530907
0.503812
0.504614
0.510003
0.483996
0.453959
0.481497
0.45843
0.484843
0.498572
0.450822
0.451534
0.491864
0.490347
0.482477
0.477386
0.510924
0.485857
0.495778
0.428329
0.49426
0.463841
0.469125
0.479865
0.507467
0.486346
0.523236
0.502561
0.457782
0.486442
0.483026
0.476475
0.471
0.448027
0.502031
0.44445
0.453834
0.493305
0.458629
0.470769
0.482473
0.464118
0.50596
0.497959
0.494642
0.519461
0.49916
0.492745
0.483717
0.486572
0.501522
0.4885
0.490204
0.462438
0.476167
0.466062
0.451791
0.538466
0.461845
0.475418
0.450511
0.474143
0.484313
0.458815
0.462351
0.444047
0.483821
0.515049
0.533621
0.481851
0.431717
0.495766
0.479574
0.48591
0.491371
0.493403
0.499029
0.483164
0.502842
0.492228
0.492321
0.457064
0.487915
0.455823
0.504801
0.489009
0.501665
0.504126
0.460122
0.432734
0.511615
0.490312
0.505344
0.464283
0.473573
0.496566
0.513182
0.500148
0.52026
0.49077
0.473114
0.46773
0.481469
0.529056
0.497775
0.502482
0.483955
0.50197
0.507297
0.509773
0.504477
0.496029
0.49695
0.504224
0.520319
0.478743
0.478291
0.499551
0.499244
0.465594
0.48499
0.498469
0.460238
0.482749
0.497271
0.442441
0.479644
0.494081
0.484845
0.47701
0.463283
0.461629
0.46397
0.482435
0.485349
0.453779
0.506487
0.451032
0.49831
0.495748
0.468643
0.473895
0.488865
0.499839
0.493857
0.490532
0.434752
0.500958
0.478339
0.463164
0.483175
0.460112
0.502327
0.489252
0.473357
0.459875
0.447469
0.463904
0.475401
0.50022
0.473247
0.480188
0.47185
0.474099
0.489958
0.524595
0.498308
0.475572
0.473873
0.436096
0.440347
0.485814
0.452449
0.465621
0.449161
0.458991
0.444405
0.48095
0.497143
0.442404
0.487833
0.507889
0.490379
0.510293
0.451453
0.488784
0.505547
0.433735
0.465988
0.487107
0.487765
0.483992
0.490233
0.471283
0.484685
0.491793
0.493373
0.48385
0.469537
0.515841
0.488236
0.485663
0.475318
0.46084
0.485358
0.482432
0.495877
0.482581
0.501224
0.472269
0.482533
0.485182
0.50746
0.518387
0.502637
0.483836
0.495099
0.427226
0.476838
0.496135
0.463495
0.466759
0.483011
0.489611
0.473641
0.489102
0.495147
0.441955
0.440239
0.499683
0.510539
0.499025
0.511479
0.473358
0.4684
0.448096
0.480711
0.449591
0.513174
0.488632
0.470465
0.497122
0.494622
0.463782
0.45663
0.469242
0.520154
0.483423
0.50563
0.496845
0.463857
0.496332
0.442494
0.514823
0.451312
0.518894
0.498643
0.425778
0.513869
0.477052
0.468627
0.498076
0.525225
0.52669
0.489683
0.471558
0.462801
0.46805
0.490836
