0.4955
0.473144
0.492828
0.472184
0.486694
0.506902
0.513284
0.451626
0.48245
0.502292
0.492195
0.489276
0.497859
0.512132
0.457975
0.480212
0.500509
0.467753
0.44822
0.468964
0.486001
0.49312
0.489036
0.500147
0.462763
0.458883
0.453637
0.466675
0.490468
0.512252
0.489864
0.482827
0.493625
0.450027
0.478354
0.4675
0.485537
0.45678
0.422228
0.472266
0.467874
0.432679
0.491901
0.476981
0.527643
0.503142
0.50067
0.516726
0.485652
0.45433
0.48042
0.487046
0.484843
0.498572
0.463831
0.463718
0.462263
0.492079
0.481955
0.48532
0.509358
0.493198
0.497263
0.459213
0.507867
0.465315
0.469391
0.470922
0.502613
0.488556
0.522572
0.512877
0.489582
0.485833
0.478318
0.487941
0.479929
0.467065
0.503588
0.439399
0.484338
0.493664
0.439694
0.480407
0.482473
0.462403
0.509384
0.497959
0.493379
0.516017
0.496414
0.484501
0.487178
0.488753
0.504285
0.463912
0.490005
0.480435
0.434588
0.47296
0.453912
0.536878
0.460352
0.48171
0.479402
0.476222
0.496801
0.45787
0.424362
0.455829
0.480342
0.515049
0.533795
0.466603
0.450324
0.490564
0.474973
0.488398
0.489905
0.467193
0.497809
0.483164
0.498731
0.491471
0.492267
0.453728
0.486998
0.485109
0.503894
0.49521
0.499661
0.498473
0.464045
0.463746
0.51126
0.501411
0.505344
0.504171
0.470418
0.493403
0.51739
0.500148
0.52026
0.492389
0.467985
0.467422
0.472392
0.528976
0.454288
0.498382
0.480648
0.499363
0.507297
0.510803
0.504134
0.490632
0.461396
0.501175
0.515515
0.476034
0.468893
0.499551
0.492604
0.471027
0.458069
0.497968
0.480152
0.481112
0.493859
0.444947
0.478268
0.494872
0.490158
0.47701
0.458481
0.463179
0.487991
0.482435
0.472284
0.48448
0.506487
0.457249
0.500387
0.49522
0.478169
0.453476
0.488865
0.511656
0.489294
0.50055
0.434752
0.506442
0.473786
0.466122
0.483175
0.490397
0.445371
0.490035
0.503134
0.455166
0.48282
0.499025
0.475401
0.500411
0.471653
0.477806
0.460559
0.475243
0.485297
0.525542
0.500877
0.475572
0.509018
0.435494
0.472003
0.485814
0.453527
0.500779
0.483512
0.493325
0.472143
0.479802
0.458493
0.443191
0.483583
0.507889
0.481804
0.510293
0.503441
0.488784
0.504271
0.469987
0.492935
0.496924
0.457368
0.486437
0.489137
0.471283
0.485734
0.492838
0.493373
0.452999
0.469537
0.517186
0.488236
0.488841
0.475318
0.492268
0.480411
0.499181
0.507408
0.487818
0.501385
0.476898
0.487633
0.461289
0.50746
0.518192
0.502022
0.492583
0.438365
0.465348
0.478834
0.496135
0.463495
0.49928
0.480489
0.493048
0.458307
0.497292
0.493719
0.445979
0.440239
0.499683
0.509637
0.482959
0.507177
0.479304
0.489685
0.441656
0.455185
0.450847
0.512176
0.473807
0.470464
0.496354
0.449974
0.484634
0.460704
0.469242
0.493165
0.483423
0.50563
0.491413
0.475297
0.506944
0.458851
0.514133
0.451826
0.519421
0.468326
0.454524
0.514808
0.435307
0.468706
0.503241
0.524277
0.524315
0.488228
0.484556
0.463312
0.46367
0.497992
