0.0388541
0.0405837
0.0417302
0.0401993
0.0427822
0.0418442
0.0401896
0.0442512
0.036623
0.0388835
0.0373526
0.0384144
0.0418442
0.0407693
0.0368445
0.0364081
0.0391147
0.0372093
0.0400007
0.0359032
0.0422481
0.0400137
0.0404436
0.0345971
0.0340857
0.0385154
0.0355351
0.0407726
0.0395707
0.0408703
0.0433848
0.0390724
0.0361963
0.0371637
0.0407986
0.0383623
0.0422546
0.0351378
0.0372354
0.0408084
0.039359
0.0353462
0.0422741
0.0355221
0.0395805
0.0403394
0.038118
0.0459188
0.0339424
0.042222
0.0373038
0.0356785
0.0388509
0.035369
0.0392352
0.0380887
0.0392906
0.0388802
0.0371148
0.036838
0.0413882
0.0391701
0.0401375
0.0381669
0.0368412
0.0374894
0.033532
0.0385056
0.0435574
0.0384437
0.0415022
0.0388541
0.0377891
0.0400463
0.0401407
0.0396424
0.0405674
0.0353202
0.0406097
0.0373917
0.0353886
0.0402514
0.0352257
0.0386359
0.0403589
0.0393883
0.0396293
0.038561
0.0387792
0.0385415
0.0402775
0.0371246
0.0381669
0.0385252
0.0428115
0.0397303
0.0370204
0.0359293
0.0356133
0.0354863
0.039131
0.0428897
0.0345938
0.0390789
0.0375708
0.0444662
0.0373038
0.0376132
0.0380627
0.0365383
0.0419028
0.044059
0.044629
0.0354244
0.0340825
0.0390593
0.0380855
0.0372516
0.0385936
0.0415054
0.0380399
0.0397499
0.0426291
0.0411341
0.0375415
0.0385349
0.0368152
0.0401375
0.0355156
0.0382776
0.0421503
0.0398215
0.0358934
0.0355547
0.0379975
0.0386945
0.0447919
0.0412774
0.0398183
0.0368315
0.0386066
0.0397792
0.0439092
0.0406684
0.0360921
0.0384372
0.0393329
0.044642
0.0426259
0.0400951
0.0403492
0.0387108
0.0382679
0.0395023
0.0375057
0.04188
0.0404566
0.0393753
0.0394176
0.037636
0.04131
0.0364993
0.0379356
0.043248
0.0396521
0.0405934
0.0365058
0.0362908
0.0421797
0.0432903
0.0406977
0.0389812
0.0393753
0.037421
0.0372386
0.0350824
0.0386294
0.036027
0.036483
0.0443522
0.03732
0.0360009
0.0403785
0.0392255
0.0358934
0.038688
0.0394763
0.044287
0.0400169
0.0411634
0.0383428
0.0402612
0.0407791
0.038675
0.0418116
0.0379161
0.0425217
0.0384763
0.0365351
0.0396749
0.0349847
0.0426194
0.0423002
0.0364211
0.0389747
0.0388639
0.0353006
0.0396326
0.0425217
0.0440199
0.0388216
0.0365742
0.0441958
0.040398
0.0405674
0.0424598
0.0403329
0.0409126
0.0351541
0.0399453
0.0387401
0.0414468
0.0393981
0.0348283
0.0388704
0.0382581
0.0391538
0.0420461
0.0379552
0.0380952
0.0392059
0.0375839
0.0405316
0.043033
0.0369194
0.0391082
0.042463
0.0383232
0.0345189
0.0409973
0.0384372
0.0442284
0.0401212
0.0421569
0.0452772
0.042007
0.0402058
0.0383623
0.0399062
0.0381083
0.0404599
0.0375741
0.037281
0.0375415
0.0387597
0.0358283
0.0383102
0.0406586
0.0413426
0.0358576
0.0403785
0.03661
0.0389877
0.0366263
0.0369943
0.0430167
0.0360367
0.0427431
0.0387727
0.0379226
0.0404762
0.0359195
0.0359814
0.0392222
0.0402221
0.0428702
0.0393623
0.0366751
0.0370562
0.0372321
0.0378444
0.0417693
0.0392124
0.0378184
0.0378184
0.0396717
0.0371572
0.0389551
0.0396
0.0364537
0.0393883
0.0393329
0.037307
0.0404143
0.0401472
0.040486
0.0388867
0.0397955
0.034431
0.0413035
0.0370204
0.0335646
0.0398801
0.0378444
0.0374308
0.0347339
0.0391831
0.0367012
0.0403133
0.0380431
0.0400397
0.0357403
0.0403036
