0.683936
0.690702
0.695746
0.704331
0.685582
0.685615
0.674511
0.678941
0.699382
0.698209
0.693314
0.687923
0.70499
0.689073
0.699718
0.700544
0.676249
0.691993
0.696097
0.698
0.691571
0.709155
0.686492
0.700132
0.698209
0.698586
0.692726
0.691428
0.691477
0.689332
0.695823
0.700625
0.694755
0.68902
0.698331
0.68919
0.686349
0.693143
0.696795
0.691485
0.694541
0.69637
0.691278
0.690671
0.677268
0.689004
0.697568
0.673131
0.700514
0.708047
0.692641
0.69043
0.683272
0.703487
0.701
0.695127
0.685202
0.682599
0.698864
0.709183
0.691824
0.697136
0.690087
0.690844
0.691139
0.693087
0.693635
0.700508
0.697892
0.676337
0.688737
0.694946
0.686061
0.679063
0.696844
0.675377
0.689974
0.679932
0.690732
0.687981
0.688613
0.675193
0.697911
0.691986
0.692028
0.688838
0.687294
0.693612
0.691658
0.693249
0.69841
0.710346
0.700957
0.697952
0.686181
0.685109
0.693705
0.688461
0.704793
0.693544
0.706725
0.687577
0.690304
0.70535
0.69793
0.688944
0.686788
0.701597
0.69
0.68361
0.679864
0.687065
0.693511
0.707373
0.696193
0.683614
0.699143
0.698755
0.697702
0.694303
0.686443
0.706324
0.701159
0.696292
0.69222
0.681239
0.700448
0.697694
0.68031
0.695164
0.689552
0.680004
0.692321
0.697657
0.695662
0.670293
0.686801
0.700418
0.70415
0.685756
0.68627
0.687064
0.69882
0.676254
0.696504
0.682194
0.689352
0.683928
0.690843
0.696381
0.682177
0.699796
0.682564
0.675275
0.686136
0.702335
0.70219
0.689303
0.697066
0.683021
0.691408
0.695058
0.694055
0.682235
0.701004
0.702426
0.685167
0.686962
0.695408
0.697519
0.703027
0.686734
0.692409
0.703029
0.697644
0.690554
0.700974
0.700772
0.69847
0.697061
0.703812
0.693296
0.695039
0.689584
0.685661
0.695431
0.688918
0.696615
0.691056
0.697306
0.69245
0.693679
0.69901
0.69862
0.693421
0.694376
0.687488
0.691908
0.682388
0.695498
0.69052
0.690364
0.684417
0.69569
0.701178
0.699004
0.682071
0.693091
0.690524
0.701004
0.690508
0.697866
0.687848
0.699654
0.702009
0.691386
0.67822
0.682033
0.693751
0.669822
0.690746
0.678922
0.680837
0.708538
0.678091
0.687335
0.687752
0.697823
0.685662
0.699858
0.685093
0.67657
0.686777
0.680735
0.692086
0.70483
0.693638
0.700867
0.695111
0.679692
0.665611
0.689553
0.702889
0.686463
0.686217
0.696803
0.699109
0.683058
0.699984
0.688026
0.694411
0.702482
0.701565
0.68778
0.690134
0.6975
0.692896
0.693057
0.695142
0.692528
0.69275
0.690272
0.679598
0.700149
0.681426
0.682193
0.69606
0.701771
0.684248
0.684474
0.698347
0.705309
0.688355
0.702379
0.6861
0.697878
0.702395
0.706217
0.699889
0.695413
0.695849
0.682479
0.688403
0.693087
0.695697
0.688039
0.692409
0.699365
0.699355
0.689195
0.700272
0.688153
0.689335
0.702626
0.684639
0.694823
0.696
0.674256
0.688144
0.695369
0.674018
0.709861
0.704416
0.703832
0.697809
0.702242
0.684188
0.680261
0.690535
0.68271
0.698657
0.690013
0.680654
