74.1047
45.9088
39.8195
79.7607
33.4638
49.0901
36.9154
39.1596
61.9569
46.6498
60.3988
45.0161
63.4729
36.2388
95.748
51.1739
63.4713
60.2163
57.3293
101.704
44.4373
62.6983
58.4576
51.9632
40.8548
80.8786
42.6662
35.8483
41.8252
63.2339
44.1113
46.7924
75.9964
40.4116
48.2892
55.7384
54.7808
94.8013
37.3522
92.4344
55.6208
47.5468
43.284
50.5341
34.5305
77.5796
69.5087
42.9198
36.3758
47.871
34.0648
32.4191
45.0113
43.5578
48.2409
64.9999
53.361
25.5327
79.7043
41.1532
74.39
60.4577
56.7913
60.2987
38.0237
49.4563
43.4946
43.2818
52.1731
59.9624
84.2563
97.2328
64.4115
72.8581
63.6741
41.0675
28.014
39.5554
41.558
38.8443
44.7515
62.3182
33.8473
47.7886
53.7913
64.3136
67.6899
61.7686
36.6044
46.5698
46.2726
52.4015
37.7012
47.6591
49.8413
31.0702
32.7443
47.5033
53.1437
50.4068
37.4407
54.914
37.5971
111.533
69.6343
46.5102
71.1181
52.8789
37.1872
32.3627
44.4281
47.2281
59.4497
47.8724
39.8549
60.1714
38.4642
53.6729
43.8298
49.1877
47.0495
36.0926
104.574
54.961
29.1188
34.5889
71.4702
52.3294
83.9501
74.4617
48.1944
25.6722
34.5332
39.1543
40.905
60.863
48.1
67.497
78.0457
75.97
73.5063
45.2912
79.0063
169.057
64.0989
54.0665
40.6885
50.63
148.111
34.5934
70.0279
64.592
35.3374
38.9567
25.4111
139.061
35.3192
41.8715
48.4496
38.6486
58.1881
43.9557
66.4262
30.6815
55.0339
52.7732
28.9917
23.8339
63.9837
68.885
48.4771
48.1363
55.4348
30.2765
62.5743
33.0813
100.87
41.9374
88.8763
88.2292
66.8411
37.9959
135.517
41.5809
58.8141
34.7054
48.6184
66.5437
45.597
63.6544
92.9231
69.8715
50.52
38.0056
58.712
52.037
43.187
35.1902
45.661
44.7445
87.3934
54.3693
48.541
63.8865
34.5962
42.8717
39.3934
22.1136
36.2017
38.1257
85.9251
76.7275
44.7026
51.9508
34.1379
50.0711
55.3
64.1771
39.2659
41.0212
46.342
50.0851
40.5774
63.5995
86.259
44.668
54.3499
66.0624
44.4293
43.6492
101.483
36.1894
44.8391
50.8855
69.4521
74.1006
38.1499
80.6131
59.0601
45.7039
75.3851
61.106
132.444
95.8116
43.9902
34.7304
60.0285
45.1043
48.4119
90.177
66.9916
44.0199
93.1937
53.1329
36.9383
91.0596
59.596
39.3691
31.4444
42.2915
90.4943
27.9128
88.5515
59.9795
29.3759
31.3699
43.2472
93.2943
75.3739
58.1677
73.2601
126.213
25.0377
58.7486
45.8325
32.1054
68.0478
67.8182
49.6153
65.8179
60.4069
30.7107
57.9723
45.3769
31.4108
38.8696
33.6809
55.1978
101.023
48.9493
91.6436
45.757
66.4764
36.5131
57.165
63.2057
32.1851
82.4348
33.6151
39.1633
58.6911
50.2577
33.4831
32.2701
41.9909
65.4297
117.372
35.8116
63.7413
47.3583
43.142
38.9785
63.2155
