787062
569282
722569
468258
834657
1.01005e+06
1.0343e+06
750954
834573
903379
638914
1.07103e+06
532686
778343
698159
804476
709231
762307
589653
604606
805658
684764
1.14924e+06
534029
559469
660445
626628
889785
495631
739337
435773
1.03611e+06
844699
689587
640816
768757
722331
953310
995485
615452
665666
716066
858439
711616
966918
682819
568825
429999
793131
550268
673553
806604
646313
588156
733774
690032
781451
684919
708098
674281
734099
569157
1.28324e+06
685022
811875
674460
888036
727371
593396
958582
1.19899e+06
793613
845630
1.00744e+06
737888
949579
1.05032e+06
755745
714662
700729
796032
901012
547722
866534
571392
758533
651481
713938
735047
846122
608354
616573
641495
718410
612604
957809
825060
584089
567742
774682
702137
692647
710402
777131
691955
754901
982128
631040
940748
710199
1.04181e+06
682897
874343
705594
691096
762782
677897
723006
685316
663887
789696
926057
695498
710621
797722
714248
530172
723266
788503
813847
529804
865084
571448
796769
733727
795531
609803
779548
791058
760835
762525
637991
648872
930319
912840
706100
777271
1.02564e+06
863834
969810
911413
804710
954077
851675
787272
615359
950730
868376
982214
917305
1.0019e+06
510451
846845
700733
501541
495827
647030
804337
898963
726214
799062
857389
749672
972565
815710
612209
821454
768530
606100
699480
618083
794328
699686
852681
847427
739947
637786
782615
737376
889347
806957
468090
695649
822275
761338
925727
914565
902581
828366
593164
970919
613527
596804
618540
860401
825113
818477
576435
720734
636565
882753
722809
1.04339e+06
594919
568440
886468
772644
867839
727941
623631
863986
630700
772556
627739
602582
556092
752417
858711
804592
814414
905298
751454
1.12955e+06
661595
730659
509360
650858
808623
597399
871830
598824
829222
711746
806699
818217
790095
683713
495494
598372
1.13581e+06
804054
853521
869868
858408
623157
837266
845162
456342
856326
838895
819531
818627
886909
894514
703977
774893
806635
766990
932513
907569
588392
713573
1.06176e+06
729054
819812
748063
806309
568807
769861
726102
704575
884659
477277
766348
996980
634373
626074
738090
801265
640561
750671
538714
865291
636225
778218
496368
552888
567729
706645
626331
610013
538040
638564
700374
582420
494868
448093
965929
531077
929224
587214
736952
1.10063e+06
