4.86107
5.77906
5.63893
4.41943
5.58909
5.68387
5.43619
6.00138
5.76408
4.10034
6.99307
5.68433
5.60428
5.48863
5.99187
5.12278
4.37506
5.62732
5.72176
4.76015
5.39425
6.49348
7.87192
5.14211
5.53138
6.78924
5.08048
6.22283
6.27961
3.93006
6.0333
6.92441
4.51288
6.19736
5.17123
6.88924
5.05688
6.14554
7.10997
6.08474
6.26645
7.80659
6.37516
7.84191
5.78055
4.4449
5.20443
4.35757
5.80576
7.27184
7.27614
7.27583
6.51078
5.55582
5.93082
6.61519
5.64056
7.26552
6.82123
7.52174
6.05456
5.30141
5.44984
5.76986
5.21525
5.90238
6.13972
6.06019
4.17106
6.93593
4.2713
5.07189
5.88678
6.82862
5.30687
5.40252
8.09538
6.62973
5.1179
5.93944
5.44039
5.69033
8.48881
7.1957
5.48785
6.2692
5.20587
4.8703
6.10821
4.54017
4.95
4.10548
7.20859
4.76957
5.22525
6.73667
6.26307
5.24081
4.92285
6.39654
7.71416
3.92058
7.77332
5.19844
6.33734
5.91456
5.13601
5.49104
6.12952
5.78067
7.14603
6.42963
4.32196
7.39334
7.64958
6.64149
7.14477
6.65892
4.97253
5.07777
4.54916
7.27646
5.19349
5.57785
6.71695
8.00262
4.55379
5.76422
4.33039
4.9107
4.42859
6.08237
5.70398
7.65409
5.72693
5.26127
5.24644
5.40638
5.37576
6.25579
6.42617
5.55221
4.54165
4.46073
4.55626
5.63229
5.57375
5.08938
5.5014
5.87093
5.46601
5.18665
5.99959
4.9484
7.50006
5.8951
5.16133
5.65584
5.54982
6.95959
6.57433
4.37642
5.11464
6.68429
5.88401
5.63283
5.77477
6.99821
5.87137
6.94884
6.80976
5.97427
5.69841
8.30364
5.87864
8.32048
6.67906
5.62566
5.15123
5.24289
4.69384
7.61403
4.85865
7.25499
5.11032
7.53462
5.15321
5.41444
5.49419
4.77429
5.6706
3.61563
7.17835
5.94917
5.37573
6.92272
6.48365
7.47887
4.66982
5.37783
8.59718
5.76038
5.78308
5.55654
7.60808
6.92582
5.70692
8.32357
5.8562
4.62483
4.7308
5.12469
5.04685
7.86792
9.0632
7.60835
4.21919
5.9223
5.82489
5.48242
8.7368
4.80974
5.94039
6.17753
4.39629
4.53948
5.62947
5.28246
5.48692
6.09819
3.33386
7.17648
5.55152
5.33158
5.18484
4.65081
5.2704
5.34825
6.01332
4.63169
3.95954
5.91607
4.92037
3.63749
5.26769
5.60977
5.25555
5.25032
5.72577
6.05627
4.93687
6.61526
6.03259
5.58899
7.21622
5.9571
5.74128
4.10411
6.41805
5.88007
5.01135
7.84924
4.90688
5.29877
7.31041
5.6547
7.11055
6.16937
6.29136
4.43607
4.25482
6.48088
7.6064
5.038
5.61339
6.92716
6.48106
7.35052
5.36998
5.35518
5.84306
8.6345
4.1452
5.98193
9.06999
4.88289
6.5762
6.85971
6.89007
6.17185
4.64564
4.76685
5.47694
5.91009
5.21654
5.03535
8.1389
3.90487
8.28612
5.17956
6.8858
7.31126
5.77419
6.70938
7.80464
6.44257
4.56557
5.64384
6.17074
6.08811
7.27544
6.66587
6.50369
