52.3084
51.723
60.726
40.7898
55.2338
60.4672
75.5437
64.5511
58.6527
57.4812
66.5714
66.2828
60.4601
57.3749
56.2602
45.7368
43.9702
47.0916
43.3539
38.6216
53.9857
65.9217
79.6171
49.9784
45.2942
60.158
52.6512
56.0479
61.8889
50.7369
57.1333
64.5853
42.0814
60.8791
43.1302
63.5218
45.635
54.1682
65.8743
59.9095
55.013
77.3469
61.1069
69.0296
77.3871
46.2681
51.5532
53.436
64.4486
65.9668
67.3579
68.3765
64.0572
60.4987
61.1514
50.6628
60.9348
79.4413
54.8568
74.3178
70.2593
51.9995
68.045
44.6909
57.5149
50.209
57.0011
58.3103
48.4415
63.7357
49.5634
58.7845
61.6326
73.598
48.8558
60.2258
81.3122
64.2056
47.9241
51.6348
52.6803
65.9126
76.5887
72.5626
52.6622
63.5927
61.7758
45.6911
61.495
50.4786
51.1923
35.9477
67.7951
52.4798
51.2841
71.4944
66.9578
45.8958
45.2096
63.0439
70.8522
49.6264
67.784
55.9041
59.4344
67.1693
53.2074
46.3611
54.2432
63.9164
71.4333
78.1075
52.0531
70.9527
62.635
73.5245
71.4092
63.3063
48.6945
49.0447
47.2234
71.3452
59.4885
57.0938
75.0942
76.139
44.4697
50.375
50.7463
51.9002
44.0776
69.3541
52.7293
67.7336
62.4128
56.0668
54.8117
54.649
44.372
60.9545
65.5243
53.0787
50.1032
49.9896
39.892
53.2967
46.2548
53.6901
47.6116
60.3742
52.3549
52.6996
66.5365
55.9294
81.275
66.7328
54.333
60.2247
63.0665
74.5854
58.0802
40.6493
59.4125
70.6646
55.0124
52.0642
64.0157
82.6717
61.0459
60.054
65.1809
56.7469
61.7256
74.7577
50.9954
78.4312
61.8793
56.7503
45.4365
51.0598
48.0781
59.1306
45.6353
72.4971
42.0163
70.3627
46.9031
59.5821
51.0665
50.5953
51.604
39.3086
65.9215
53.1748
52.5179
68.0922
69.4422
74.2862
52.3628
42.1628
70.5921
49.6259
46.9044
51.3277
70.177
69.5769
55.0675
84.3844
66.2905
54.9438
47.4343
50.7044
51.7974
62.0035
72.8319
71.3734
41.9029
65.1048
56.2671
66.9265
71.0759
48.8781
53.8177
49.5159
46.0216
46.7267
58.9242
59.233
55.2519
61.2953
30.0645
61.8946
61.6638
59.6087
47.1249
50.5533
62.2451
51.741
49.8195
46.2642
44.8005
56.8291
42.2641
40.5674
57.4109
54.1983
55.9794
48.7503
53.8913
64.6995
52.1707
63.0449
58.6307
52.3557
79.9168
55.642
56.2751
45.7667
64.0736
64.0294
50.332
74.6808
50.5685
53.5481
75.3472
63.0267
70.0205
69.9458
59.7429
43.8982
40.3321
50.5617
74.1648
51.4037
61.2524
71.1861
64.8062
64.9895
55.2539
48.15
53.0689
69.8185
48.2334
58.2398
90.9905
47.0517
62.7274
66.9499
60.5816
58.4972
44.9108
49.3446
67.3168
67.6961
49.4628
48.315
76.8927
40.7083
70.0149
59.0997
66.1695
71.0101
67.6715
65.6053
69.2029
67.6336
75.4166
78.2021
58.9709
58.4907
55.2765
63.7227
74.5895
