47.4473
45.9439
55.087
36.3704
49.6447
54.7833
70.1075
58.5498
52.8887
53.3809
59.5783
60.5985
54.8558
51.8863
50.2684
40.614
39.5951
41.4643
37.6321
33.8614
48.5915
59.4282
71.7451
44.8363
39.7628
53.3687
47.5707
49.825
55.6093
46.8068
51.1
57.6609
37.5685
54.6817
37.9589
56.6325
40.5781
48.0227
58.7644
53.8247
48.7465
69.5403
54.7318
61.1877
71.6065
41.8232
46.3487
49.0785
58.6429
58.695
60.0818
61.1007
57.5464
54.9429
55.2206
44.0476
55.2943
72.1757
48.0355
66.796
64.2047
46.6981
62.5952
38.921
52.2996
44.3066
50.8614
52.2501
44.2704
56.7998
45.2921
53.7126
55.7458
66.7694
43.5489
54.8233
73.2168
57.5759
42.8062
45.6954
47.2399
60.2223
68.0999
65.3669
47.1744
57.3235
56.5699
40.8208
55.3868
45.9384
46.2423
31.8422
60.5865
47.7102
46.0589
64.7578
60.6948
40.6549
40.2868
56.6473
63.1381
45.7058
60.0107
50.7057
53.0971
61.2547
48.0714
40.8701
48.1137
58.1358
64.2873
71.6779
47.7312
63.5593
54.9854
66.883
64.2644
56.6474
43.722
43.9669
42.6742
64.0687
54.295
51.5159
68.3773
68.1364
39.9159
44.6108
46.4159
46.9895
39.649
63.2718
47.0254
60.0795
56.6859
50.8055
49.5653
49.2426
38.9962
54.6987
59.0981
47.5265
45.5615
45.5289
35.3358
47.6644
40.6811
48.6007
42.1102
54.5033
46.8888
47.513
60.5369
50.981
73.7749
60.8377
49.1716
54.5689
57.5167
67.6258
51.5059
36.2729
54.2979
63.9803
49.1284
46.4313
58.241
75.6735
55.1746
53.1051
58.3711
50.7727
56.0272
66.454
45.1167
70.1107
55.2003
51.1247
40.2853
45.8169
43.3843
51.5166
40.7767
65.2421
36.906
62.8281
41.7499
54.1676
45.5723
45.821
45.9334
35.693
58.7432
47.2256
47.1422
61.1695
62.9585
66.8073
47.6929
36.785
61.9949
43.8655
41.1213
45.7711
62.569
62.6511
49.3606
76.0608
60.4343
50.319
42.7035
45.5797
46.7505
54.1356
63.7687
63.765
37.6837
59.1825
50.4422
61.444
62.3391
44.0684
47.8773
43.3384
41.6253
42.1872
53.2947
53.9505
49.765
55.1971
26.7306
54.7181
56.1123
54.2771
41.9401
45.9025
56.9747
46.3927
43.8062
41.6326
40.8409
50.913
37.3437
36.9299
52.1432
48.5886
50.7238
43.4999
48.1655
58.6433
47.2338
56.4297
52.5981
46.7667
72.7006
49.6849
50.5338
41.6626
57.6555
58.1493
45.3206
66.8315
45.6616
48.2493
68.0368
57.372
62.91
63.7764
53.4515
39.4622
36.0773
44.0808
66.5584
46.3657
55.639
64.2589
58.3252
57.639
49.8839
42.7948
47.2258
61.184
44.0882
52.2579
81.9205
42.1688
56.1512
60.0902
53.6915
52.3254
40.2652
44.5778
61.8398
61.786
44.2463
43.2796
68.7538
36.8034
61.7288
53.9202
59.2837
63.6988
61.8973
58.8959
61.3983
61.191
70.851
72.5582
52.8001
52.4025
48.0011
57.0569
68.0858
