2.42295e+06
2.16471e+06
2.54318e+06
1.83943e+06
2.78905e+06
3.22623e+06
3.15816e+06
2.78975e+06
2.85553e+06
2.89913e+06
2.3583e+06
3.33406e+06
2.01696e+06
2.66146e+06
2.53979e+06
2.80666e+06
2.42152e+06
2.72044e+06
2.14448e+06
2.1603e+06
2.57097e+06
2.51486e+06
3.58341e+06
2.05836e+06
2.13042e+06
2.27226e+06
2.13868e+06
2.93229e+06
1.92465e+06
2.30045e+06
1.83492e+06
3.4454e+06
2.84985e+06
2.45485e+06
2.30469e+06
2.62629e+06
2.53898e+06
3.12547e+06
3.50369e+06
2.04949e+06
2.39036e+06
2.44129e+06
2.94613e+06
2.57683e+06
3.03761e+06
2.19192e+06
2.03709e+06
1.54141e+06
2.81304e+06
2.04781e+06
2.42991e+06
2.59927e+06
2.32405e+06
2.12122e+06
2.4099e+06
2.55889e+06
2.62933e+06
2.54794e+06
2.50777e+06
2.45105e+06
2.55058e+06
2.08366e+06
3.84945e+06
2.41363e+06
2.7654e+06
2.62599e+06
3.18436e+06
2.6237e+06
2.1641e+06
2.99368e+06
3.50208e+06
2.55424e+06
2.80958e+06
3.12517e+06
2.50638e+06
2.97258e+06
3.48527e+06
2.82987e+06
2.5336e+06
2.57897e+06
2.70567e+06
2.96791e+06
2.14248e+06
2.923e+06
2.0669e+06
2.80488e+06
2.19739e+06
2.49519e+06
2.41401e+06
2.88223e+06
2.11548e+06
2.16038e+06
2.44041e+06
2.4327e+06
2.29586e+06
3.02261e+06
2.78116e+06
2.09425e+06
2.05473e+06
2.7287e+06
2.4685e+06
2.18757e+06
2.64123e+06
2.55961e+06
2.49459e+06
2.66339e+06
3.05865e+06
2.23736e+06
3.03642e+06
2.59748e+06
3.28563e+06
2.21337e+06
2.77875e+06
2.60718e+06
2.6734e+06
2.69533e+06
2.41021e+06
2.59154e+06
2.59122e+06
2.30865e+06
2.50276e+06
3.17593e+06
2.35704e+06
2.44935e+06
2.54539e+06
2.62276e+06
1.96425e+06
2.50602e+06
2.69715e+06
2.72919e+06
2.14552e+06
2.83613e+06
2.14681e+06
2.7935e+06
2.4185e+06
2.86689e+06
2.04321e+06
2.64864e+06
2.74414e+06
2.64163e+06
2.36546e+06
2.43577e+06
2.19579e+06
2.96075e+06
2.94949e+06
2.38851e+06
2.4286e+06
3.17788e+06
2.76054e+06
3.01409e+06
2.91824e+06
2.77917e+06
2.94036e+06
2.73894e+06
2.84645e+06
2.06572e+06
3.01924e+06
2.74266e+06
2.99788e+06
3.10656e+06
3.40953e+06
1.8858e+06
2.76583e+06
2.41584e+06
1.94112e+06
1.8669e+06
2.26887e+06
2.73938e+06
2.9584e+06
2.60944e+06
2.84109e+06
2.8293e+06
2.52934e+06
3.09784e+06
2.67756e+06
2.19921e+06
2.64709e+06
2.57439e+06
2.20827e+06
2.35657e+06
2.15419e+06
2.94406e+06
2.26444e+06
2.78085e+06
2.86489e+06
2.65041e+06
2.21195e+06
2.6316e+06
2.4593e+06
2.92556e+06
2.70776e+06
1.66894e+06
2.49275e+06
2.86036e+06
2.64903e+06
3.26628e+06
2.95793e+06
3.17838e+06
2.70546e+06
2.16263e+06
3.28098e+06
2.24286e+06
2.09882e+06
2.30979e+06
2.91997e+06
2.89129e+06
2.85589e+06
2.27481e+06
2.58197e+06
2.30182e+06
2.7942e+06
2.46996e+06
3.25461e+06
2.38899e+06
2.18408e+06
3.02273e+06
2.67668e+06
2.76495e+06
2.48216e+06
2.13149e+06
3.00307e+06
2.25548e+06
2.75381e+06
2.44759e+06
2.20794e+06
2.44405e+06
2.56025e+06
2.60782e+06
2.64848e+06
2.95743e+06
2.8008e+06
2.5486e+06
3.57705e+06
2.35188e+06
2.62184e+06
1.85375e+06
2.38623e+06
2.64797e+06
2.23467e+06
2.80807e+06
2.2128e+06
2.75537e+06
2.5561e+06
2.54755e+06
2.70877e+06
2.64409e+06
2.48538e+06
1.84012e+06
2.06679e+06
3.71432e+06
2.63486e+06
3.0589e+06
3.0942e+06
2.85902e+06
2.35362e+06
2.85909e+06
2.8968e+06
1.73414e+06
2.80339e+06
2.85765e+06
2.62786e+06
2.80699e+06
2.78468e+06
3.12793e+06
2.29509e+06
2.58587e+06
2.77711e+06
2.69971e+06
3.04607e+06
2.97112e+06
2.14942e+06
2.63389e+06
3.54694e+06
2.5541e+06
2.71137e+06
2.68983e+06
2.89234e+06
2.00716e+06
2.51315e+06
2.52789e+06
2.49977e+06
2.95124e+06
1.81902e+06
2.63835e+06
3.55208e+06
2.26965e+06
2.35872e+06
2.47698e+06
2.77758e+06
2.26145e+06
2.55293e+06
2.03316e+06
2.88473e+06
2.23539e+06
2.66713e+06
2.16525e+06
2.25088e+06
1.97902e+06
2.64745e+06
2.17797e+06
2.21267e+06
2.17162e+06
2.33869e+06
2.63317e+06
2.18783e+06
2.00707e+06
1.71666e+06
2.98331e+06
1.92318e+06
2.94583e+06
2.40417e+06
2.67787e+06
3.16205e+06
