-0.0139896
-0.0156247
-0.0110243
-0.0157339
-0.0144265
-0.00892555
-0.0164951
-0.0140388
-0.0179526
-0.0146172
-0.0191167
-0.014668
-0.0255347
-0.0121115
-0.0177607
-0.014975
-0.0151439
-0.0141742
-0.018707
-0.0175794
-0.0173387
-0.0169904
-0.0183127
-0.0168902
-0.0160916
-0.015445
-0.0131941
-0.0129096
-0.0170083
-0.0197609
-0.018073
-0.016769
-0.0182075
-0.0176696
-0.0158771
-0.0161954
-0.0190898
-0.0200396
-0.0155118
-0.0173437
-0.0165261
-0.0183882
-0.0165604
-0.0180255
-0.0149719
-0.0192819
-0.0166234
-0.017471
-0.0174756
-0.0200007
-0.0147815
-0.014774
-0.0163219
-0.0170334
-0.0134371
-0.0154962
-0.0135554
-0.0189663
-0.0166194
-0.0141567
-0.015209
-0.0169407
-0.0153144
-0.0170605
-0.0173181
-0.0220112
-0.0144363
-0.0141207
-0.0163295
-0.0230741
-0.0151284
-0.0147395
-0.0163192
-0.0124279
-0.0180134
-0.0158241
-0.017953
-0.0198814
-0.0135438
-0.0174431
-0.0181012
-0.014067
-0.0142694
-0.0158929
-0.0186634
-0.0154265
-0.0143238
-0.0125227
-0.0157039
-0.0181049
-0.0185357
-0.0138802
-0.018445
-0.0225573
-0.0153899
-0.0162623
-0.0177674
-0.0106969
-0.0157884
-0.0158643
-0.012804
-0.0174853
-0.0148085
-0.0205965
-0.0212221
-0.0174498
-0.0162442
-0.0147239
-0.0135621
-0.0117192
-0.0186381
-0.0166187
-0.017963
-0.0139419
-0.0146511
-0.0185255
-0.0156971
-0.0167238
-0.0154155
-0.0151434
-0.0157648
-0.0159838
-0.013792
-0.0146585
-0.0152823
-0.0132691
-0.0141232
-0.0167948
-0.0124126
-0.01259
-0.0137959
-0.0137314
-0.0169431
-0.0170454
-0.0157562
-0.0159504
-0.0128806
-0.0141306
-0.0143018
-0.00921206
-0.0139459
-0.0151969
-0.0139234
-0.0159429
-0.0151404
-0.0152465
-0.0136044
-0.0145476
-0.0130857
-0.018555
-0.0144591
-0.0144507
-0.0111618
-0.0159739
-0.0154571
-0.0122601
-0.0166317
-0.0114582
-0.0155855
-0.0177976
-0.0163427
-0.0176048
-0.0200632
-0.0139074
-0.0131715
-0.0155708
-0.0174419
-0.0131277
-0.0174035
-0.0139873
-0.0144847
-0.0209978
-0.0161999
-0.0212925
-0.012207
-0.0134726
-0.0170973
-0.0138311
-0.0135385
-0.0159368
-0.0170369
-0.0168897
-0.0155121
-0.017641
-0.0156641
-0.019783
-0.0123759
-0.0183868
-0.0173146
-0.0167244
-0.0286795
-0.0168067
-0.0171099
-0.0141194
-0.0206849
-0.0121409
-0.0149859
-0.0146724
-0.0152565
-0.015285
-0.0157691
-0.0176391
-0.0165051
-0.0164835
-0.0144639
-0.014927
-0.0159871
-0.0196001
-0.0150625
-0.0195775
-0.00878788
-0.0139453
-0.0134548
-0.0194303
-0.0167535
-0.0147216
-0.0120963
-0.015047
-0.0140884
-0.0137383
-0.0148919
-0.0142913
-0.0226438
-0.0208183
-0.00794765
-0.0212077
-0.0164961
-0.0184638
-0.0142925
-0.0214143
-0.0148867
-0.0183486
-0.0131259
-0.0203251
-0.0207259
-0.015195
-0.0153575
-0.0180744
-0.0177428
-0.0135255
-0.0168234
-0.0150865
-0.0174773
-0.0189846
-0.0161378
-0.011921
-0.0129415
-0.0151814
-0.0212306
-0.018146
-0.0143008
-0.0131485
-0.0147536
-0.0163718
-0.0157252
-0.0150206
-0.0150092
-0.0194184
-0.0150273
-0.0164127
-0.0167953
-0.0156467
-0.0200132
-0.0141549
-0.0174565
-0.0127981
-0.0121987
-0.0155931
-0.0139537
-0.0144096
-0.0189506
-0.0166624
-0.0209014
-0.0160095
-0.0126312
-0.0136205
-0.0187017
-0.0159941
-0.0166817
-0.0156906
-0.0170563
-0.0131828
-0.0160362
-0.0118231
-0.0195195
-0.0151351
-0.011971
-0.0166369
-0.0180981
-0.0135741
-0.0187359
-0.0150978
-0.0177586
-0.0183919
-0.0210595
-0.0169016
-0.0153984
-0.0204383
-0.016463
-0.0157023
-0.0152191
-0.01774
-0.0157475
-0.0145342
-0.018145
-0.0121622
-0.0156053
-0.0204533
-0.0165171
-0.018244
-0.0134762
-0.0169962
