74.4423
75.7826
68.0874
104.428
78.3885
70.844
49.7131
61.6143
69.779
64.5096
59.2793
61.1194
63.2871
76.6146
70.9285
87.1322
83.4959
89.8435
102.695
96.3666
77.4379
63.7998
45.317
83.4684
93.6735
68.4756
72.4119
74.4598
67.5445
81.801
83.2589
64.5597
102.722
68.9236
97.1853
62.8656
93.5246
80.7707
43.9227
68.955
67.437
54.7057
70.9122
58.0582
55.353
80.436
82.2203
66.5194
56.6478
59.532
59.3833
68.3369
65.1078
66.225
83.6151
63.7823
53.0572
73.9257
54.4406
61.0552
85.0261
57.15
88.465
71.6734
83.4611
73.4896
73.8238
96.417
58.5881
76.8049
71.549
58.3321
52.363
82.7988
62.9864
44.7116
64.9947
86.39
75.4032
75.5255
64.9089
49.6421
54.6655
76.1072
67.6952
59.7334
101.079
60.6203
82.8501
82.4172
117.088
62.2779
74.5625
85.1062
54.3277
61.6514
96.4215
99.0664
62.6561
56.1999
90.3973
62.6861
65.4596
64.4867
59.6681
71.8129
89.1382
77.3907
64.9528
50.1356
48.1861
89.1237
56.1683
70.5631
50.8032
54.5428
66.4242
95.3051
91.774
87.3846
59.5249
65.768
77.8673
48.8092
52.4337
100.608
85.0728
82.8072
88.0752
95.5487
48.9597
83.8222
57.2115
69.4622
79.0721
79.6116
77.2467
102.252
67.8551
66.2975
81.0891
77.5834
95.3672
105.107
80.4553
88.6173
81.6903
89.1332
61.9401
74.4889
75.2709
62.589
68.8463
50.8992
55.7125
72.8598
66.2835
64.7659
50.1575
69.0552
97.8481
65.6718
64.3369
83.2459
83.7203
60.4369
47.7368
67.575
72.4642
59.0069
82.3008
65.8275
47.6284
75.2627
49.6085
62.3592
75.3126
89.8846
85.1951
92.123
75.8617
94.3415
54.5235
89.1308
55.4069
89.4036
69.903
76.5697
78.6011
77.7433
103.158
65.0232
77.9739
78.657
58.5646
70.0688
57.7966
81.0365
96.7021
65.3712
88.5425
91.3273
90.8633
58.1519
60.7841
73.2045
43.1246
61.6667
77.2755
86.0239
86.0316
83.697
73.185
60.0009
59.7439
101.19
60.2358
67.9335
58.5401
58.111
84.4063
82.5322
83.597
88.4265
89.8995
72.2506
68.1997
71.3707
67.9044
131.332
63.5533
60.0465
61.9473
89.1391
83.2901
69.9956
82.2718
82.9063
87.6797
92.1896
74.8312
105.593
106.655
69.8573
78.081
71.608
80.3316
76.3825
60.9373
79.3962
66.3258
72.4801
78.725
52.0496
74.6579
71.2396
87.0376
66.7386
62.0587
82.2511
50.8913
75.8239
73.1857
48.2166
65.6147
57.615
63.975
65.725
89.7492
103.927
80.3409
50.5136
73.9659
66.1285
54.8117
70.6263
62.2546
68.8078
85.3856
77.8466
60.7303
94.0852
69.8933
37.0592
88.9679
69.3627
62.7413
55.9145
64.4864
99.2527
94.706
59.9794
61.0113
87.7575
89.9571
56.1262
104.561
54.7863
70.7669
62.901
56.811
64.5091
60.8737
57.6733
65.2715
49.0617
49.3826
72.5927
68.1597
84.0077
62.0946
48.222
