0.000770632
0.000643587
0.000786404
0.000531514
0.000622906
0.000722554
0.000972884
0.000986094
0.000770305
0.000776729
0.00094638
0.000833052
0.00123761
0.000681829
0.000743171
0.000569776
0.000613918
0.000569314
0.000547289
0.000488501
0.000637691
0.00083778
0.000972635
0.000667987
0.000588512
0.000730691
0.000696166
0.000694098
0.000767269
0.00071714
0.000804689
0.000760371
0.000546174
0.000769214
0.000563721
0.000832176
0.000625201
0.0007062
0.00115883
0.000799069
0.000700921
0.00107037
0.000705479
0.000900631
0.000954771
0.00067889
0.000808073
0.000878976
0.00101119
0.000918067
0.000819101
0.000776181
0.000783081
0.000805095
0.000603603
0.000793076
0.000965761
0.000750378
0.000906798
0.000924706
0.000640214
0.000908544
0.00054012
0.000703293
0.000578424
0.000674879
0.000713305
0.000690898
0.000815532
0.000646304
0.000756748
0.000824017
0.000907467
0.000619258
0.00081767
0.00102367
0.000843418
0.000568033
0.00067861
0.000638064
0.000858985
0.00107963
0.000889264
0.000710282
0.000811018
0.000839148
0.000553779
0.000819733
0.000700694
0.00070236
0.000455306
0.000809161
0.000653302
0.000718548
0.000885186
0.00083024
0.00059638
0.00059449
0.000756665
0.000892406
0.00066365
0.000790349
0.000714477
0.00090917
0.000880716
0.000695916
0.000590969
0.000654936
0.000903054
0.000957931
0.00106354
0.000613752
0.000819453
0.000716392
0.00105219
0.000838068
0.000773781
0.000564363
0.000610216
0.000681105
0.000835955
0.000810065
0.000715391
0.00105319
0.000970126
0.000574025
0.000625353
0.000660239
0.000615808
0.000571712
0.00101616
0.000688705
0.000975497
0.000809459
0.000726366
0.000744634
0.000636587
0.000507159
0.000758878
0.000834385
0.000602957
0.000700665
0.000629481
0.000504015
0.000659424
0.0005805
0.000644946
0.000559042
0.000763582
0.000630581
0.00064364
0.000756848
0.00072687
0.000990013
0.000856026
0.00066513
0.000713957
0.000736346
0.00108333
0.000722548
0.000528657
0.000716967
0.000926516
0.000711231
0.000625568
0.000845275
0.00117939
0.000709233
0.000773138
0.000817533
0.000614065
0.000857698
0.000972444
0.000668359
0.00098895
0.00076182
0.000705316
0.000609984
0.000595878
0.000597109
0.000686787
0.000566518
0.000913497
0.000503755
0.000845115
0.000649184
0.000784919
0.00063385
0.000629875
0.000643528
0.00071801
0.000797315
0.000642624
0.00066599
0.000847476
0.000798714
0.000902638
0.000629153
0.000536351
0.000815459
0.000625271
0.00062485
0.000604828
0.000862533
0.000838898
0.000649881
0.0014223
0.000907948
0.000733759
0.000620864
0.00064169
0.000574665
0.000738439
0.0011096
0.000868988
0.000508083
0.000840754
0.000726195
0.00102264
0.000868382
0.000634912
0.000665194
0.000647281
0.000666284
0.000709825
0.000838815
0.000825529
0.000676789
0.000721072
0.00036046
0.000777002
0.000904718
0.00090089
0.000602355
0.000676183
0.000861629
0.000634572
0.000597953
0.00056467
0.000760977
0.00071627
0.000501758
0.000633646
0.00073366
0.00064501
0.000708219
0.000688098
0.000744808
0.000739986
0.000678529
0.000705939
0.000667854
0.00061924
0.00102997
0.00068291
0.00068331
0.00057719
0.000756239
0.000781398
0.000678931
0.000956749
0.000656599
0.0006387
0.00101761
0.00084633
0.000956163
0.000794147
0.000768312
0.000531014
0.000508995
0.000624396
0.000887901
0.000691311
0.000786814
0.000930012
0.000822627
0.000887353
0.000779111
0.000635211
0.000658496
0.00083442
0.000679081
0.000725986
0.00122687
0.000573208
0.000783104
0.000841192
0.000884693
0.000781907
0.00052408
0.000633892
0.000853455
0.000852745
0.000695619
0.000707125
0.0010177
0.000559953
0.000906398
0.000793938
0.000896365
0.000942683
0.000862031
0.000834473
0.000864928
0.000822746
0.00146807
0.00106842
0.000827263
0.000720812
0.000706264
0.000770664
0.00103819
