99.4727
98.1
104.036
100.873
102.055
101.173
100.445
98.7545
97.2727
102.718
94.8818
101.573
86.2545
103.318
100.391
100.255
96.3727
99.9364
96.7273
99.5182
100.836
100.836
100.782
99.2909
97.2727
100
102.036
99.7273
97.3909
101.891
100.027
102.345
99.7636
98.5091
100.3
99.7909
98.7909
100.591
98.5
99.7
97.3727
100.382
101.591
99.8182
100.664
100.518
95.6818
99.3091
98.0182
98.8455
102.564
101.018
100.555
102.309
99.6636
101.336
98.0273
94.7364
101.1
101.536
101.055
103.082
99.9091
100.482
100.255
100.3
102.709
102.882
94.8182
100.391
102.555
101.309
102.209
102.882
99.6818
100.6
97.5
99.6818
98.8273
100.118
97.6545
96.2455
101.518
97.6364
98.9182
98.9
101.736
103.373
100.182
101.327
100.455
100.1
101.491
96.7273
102.318
102.745
98.5545
100.664
101.6
101.545
100.927
99.6273
99.5273
97.6636
99.9636
101.164
102.018
102.327
100.882
101.7
94.0818
103.8
101.845
99.5
99.6
100.473
101.1
101.6
99.0182
100.573
103.1
102.555
101.691
101.755
98.9636
99.6273
101.682
100.864
103.736
99.2364
99.4455
100.518
99.1727
101.473
99.1727
102.991
102.418
102.791
100.782
99.8182
100.427
100.355
102.118
100.109
99
100.245
101.345
101.291
101.782
101.136
101.264
101.073
100.909
101.173
98.4818
101.564
99.6818
101.391
98.9182
101.536
100.773
100.882
99.0727
99.7
99.0364
97.7545
98.0182
102.9
98.4
102.8
102.418
97.9727
99.6818
99.2727
97.9364
100.064
104.182
98.5
101.445
103.8
98.0455
98.7
100.564
100.591
100.373
98.5909
99.9455
101.391
100.8
100.873
93.9636
100.5
99.6636
101.664
99.5273
100.645
100.273
99.4182
98.6545
101.545
97.6273
95.2
99.3455
102.109
100.4
101.355
93.1455
99.6636
97.2364
98.9273
96.9636
103.291
100.764
96.5364
99.5091
100.909
100.618
98.6545
94.6
100.364
101.109
99.3182
98.3364
96.3727
92.5364
98.4364
99.5182
97.5818
102.927
98.2182
98.0636
100.455
99.9545
96.7455
100.082
102.109
101.227
102.227
101.273
93.8818
101.582
104.673
98.7273
100.464
102.918
101.727
95.6273
101.164
100.109
99.0545
103.018
100.8
102.345
99.4364
102.055
101.227
99.7273
101.627
101.709
99.9
100.636
97.9455
98.6364
101.3
101.945
100.545
105.082
100.836
99.2
100.545
96.2091
99.9545
95.5182
100.855
101.709
100.391
97.2818
97.2545
100.7
102.336
98.8545
98.1545
98.6545
104.027
101.691
99.4273
101.027
99.2727
98.3818
102.718
100.345
99.6182
102.145
99.0727
93.9091
99.5455
98.7909
97.1909
99.8182
98.4909
99.9364
99.4364
100.064
97.8
96.7273
87.5364
98.3182
97.2182
100.445
98.5364
100.891
99.6182
