147.209
156.064
166.073
159.327
165.473
160.782
149.709
144.555
148.8
146.373
143.164
147.918
109.155
166.236
150.627
156.782
137.791
163.755
147.845
154.973
157.818
154.236
163.436
149.918
154.545
161.727
158.118
158.791
157.673
143.091
150.036
171.827
148.673
149.209
157.609
151.318
143.655
153.836
150.109
151.209
154.664
153.736
161.773
148.755
144.636
147.227
130.627
147.491
151.873
154.073
164.3
164.655
154.809
156.345
165.309
152.255
155.273
150.018
164.973
150.027
161.736
162.509
165.927
157.7
166.582
154.455
167.709
147.973
148.309
146.136
155.018
158.9
158.636
157.964
150.991
157.436
148.2
157.718
146.964
159.055
146.6
145.782
158.027
146.282
151.073
142.764
163.945
166.655
143.609
150.627
157
166.245
159.709
140.991
158.218
161.145
150.127
155.027
155.327
164.973
144
165.145
150.673
137.882
148.209
143.655
155.818
168.736
149.545
160.6
146.427
161.091
167.6
165.845
149.364
160.218
156.236
162.218
159.745
141.355
171.036
150.482
162.282
158.382
163.827
153.364
163.4
147.691
167.936
150.455
149.527
151.982
157.173
154.8
148.591
150.618
162.518
174.264
159.027
156.227
162.691
146.109
151.536
159.882
156.773
162.318
154.273
166.955
152.745
159.482
155.791
157.327
152.564
155.155
156.336
155.518
155.8
164.355
148.918
162.191
157.236
156.118
146.936
162.8
163.618
145.582
141.9
164.464
158.682
171.536
171.527
145.945
154.836
149.691
155.591
156.427
164.109
147.264
161.091
160.373
161.955
156.155
155.791
162.036
163.464
142.909
147.418
158.164
155.664
157.645
116.145
161.027
160.036
157.891
154.309
162.164
163.164
156.873
159.618
160.736
157.518
149.009
159.536
162.309
160.591
162.155
131.336
154.2
151.091
143.164
148.964
166.373
168.009
151.4
161.227
158.036
148.973
150.173
129.827
165.409
152.445
158.764
151.345
134.745
124.764
140.509
148.8
153.336
166.827
156.036
151.382
150.464
155.9
150.3
150.209
153.909
159.927
168.927
154.618
129.136
158.282
175.127
128.136
151.245
166.718
163.727
141.545
153.891
160.6
145.818
170.236
163.082
164.009
155.336
158.636
160.609
152.509
161.982
155.718
150.482
159.355
146.964
155.945
154.409
147.718
151.473
170.718
156.164
153.418
155.891
154.991
159.845
141.836
158.509
162.827
161.582
149.145
141.673
156.355
161.736
157.882
145.245
154.227
167.127
158.527
159.609
160.564
163.455
151.555
166.782
160.918
152.882
151.873
142.055
142.809
157.309
139.582
151.582
149.082
151.873
156.282
150.991
153.309
162.7
151.582
117.491
140.045
146.436
162.891
164.291
165.864
150.355
