60.5364
71.6727
75.9545
71.9818
77.2909
73.1091
61.8364
57.7909
64.6091
55.8182
61.0091
58.8545
32.4364
76.6636
62.9455
69.6909
53.8
77.5091
64.2091
68.6364
70.5182
66.6909
76.0182
64.1818
70.6455
75.6364
69.1545
73.1182
73.9273
52.4909
62.6273
83.3364
61.5273
63.0182
70.8182
64.1818
57.4727
66
64.4
64.6545
70.4273
66.1182
73.9273
61.8364
56.4818
59.6182
46.2909
60.6545
67.2636
68.1818
75.5
77.5182
67.9
67.1909
79.5364
63.9455
70.7455
68.5636
77.7818
61.1636
74.0364
72.5545
80.0636
70.2727
80.0636
66.9455
78.9727
56.7182
66.3727
58.0727
65.7273
70.7909
69.5273
68.3909
64.3455
69.7182
63.6545
71.5636
61.1091
71.9545
61.9
62.5545
69.4182
61.3909
65.1909
56.4455
75.7364
76.9091
55.8364
62.1818
69.9818
80.2
71.6545
56.8091
69.0818
71.7273
64.8818
67.6909
66.7364
77.2636
55.4182
79.3273
64.2091
51.9455
60.6364
54.4091
66.9727
80.2636
60.9909
72.4636
65.4
70.6545
79.5909
79.9909
62.3182
72.9727
68.1636
73.9182
73.9091
53.2727
81.6636
60.5818
74.4818
70.0182
78.6636
66.9636
75.4273
59.1182
78.2182
64.2636
63.2
64.7545
71.4364
66.2182
61.4909
60.3818
73.4182
85.5455
71.7455
70.0818
76.0182
57.6727
62.6364
73.1091
71.4636
75.8182
66.0636
79.6273
63.8455
71.8545
67.6909
69.9818
64.4727
67.0091
71.3727
67.5818
69.6455
76.6182
62.7818
74.0182
69.8
67.8636
60.2818
76.4091
78.3545
60.2273
55.8091
75.0909
73.8909
82.5909
83.0273
60.2909
68.4818
63.0727
71.0091
69.5364
73.3727
61.3545
73.3909
70.1
77.6727
70.9
68.2636
74.8909
76.7182
56.7091
59.6636
69.9182
67.6273
70.2091
31.4636
74.3455
74.0909
69.6545
67.7545
75.3909
76.5636
70.9455
74.9909
72.9091
73.5727
67.4364
73.3091
73.1727
73.8273
74.1364
50.1909
67.2727
67.3727
56.5545
64.9
76.3818
81.1818
68.0545
75.0818
70.3364
60.8364
64.5909
46.7182
78.8364
64.5818
73.1727
65.7364
50.0909
43.1909
54.3273
62.6909
69.3727
77.7727
70.5455
66.2818
62.2636
69.4545
66.6818
62.4727
64.6909
71.8364
79.8727
66.2818
45.4818
69.9273
84.2727
40.3818
63.6545
77.3091
75.8364
58.8273
65.7545
73.5
59.1545
80.7364
75.7636
75.5909
69.1182
69.9273
72.9909
66.2182
73.9182
67.0727
63.2818
72.0545
61.6091
70.4909
66.2091
58.6273
63.4818
79.3727
68.4455
67.6455
68.5545
72.3909
73.1545
58.6
71.1545
74.7727
75.0909
64.8
56.6182
68.7364
73.0364
72.8727
60.1273
68.9455
76.6364
70
74.1273
73.0273
77.8273
66.0909
78.0545
73.7909
66.1
61.7818
55.6091
62.0818
71.0636
53.0273
66.7909
62.5455
66.3
69.5909
64.3727
66.2364
78.8
68.2545
41.0455
53.3636
62.5
76.0909
79.8364
78.6455
63.1909
