12.8
13.7091
13.9182
13.5273
13.8727
13.5
12.5727
11.9909
13.0818
12.1636
12.7273
12.5091
9.53636
13.7455
12.7091
13.1636
12.3818
13.6909
13.0909
13.1818
13.5364
13.2909
13.3636
13.5545
13.3727
13.9091
13.0727
14.0545
13.6455
11.2909
12.6182
13.8545
12.6182
12.3182
13.5091
12.6545
12.6091
12.7545
12.7909
13.1455
13.1364
12.7636
13.7455
12.9
12.5091
12.9091
11.3455
12.4727
13.4091
12.9545
13.7636
13.8818
13.6455
13.1545
13.8909
13.0273
13.5
13.2818
13.9091
12.6727
13.3545
13.1273
14.0455
13.0545
13.7364
12.7909
13.9727
11.6273
12.8818
12.3273
13.2636
13.2
13.1
13.3091
13.0364
12.8818
12.9545
13.5273
12.9727
13.0182
12.9545
13.0182
12.9091
12.7455
13.0364
12.5818
13.5273
13.6273
12.4091
12.8818
13.4364
14.0545
13.4364
12.5455
13.1818
13.3273
13.3091
13.3273
13.0091
13.8364
12.3455
13.8091
13.0636
11.7273
12.3909
11.9182
13.1727
13.8545
12.3273
13.5636
13.0545
13.3636
13.8364
13.6455
12.5545
13.2273
13.0273
13.3
13.1818
12.4909
13.7273
12.6545
13.8909
13.3909
13.8
13.2273
13.7091
12.2909
14.0182
13.0455
13.1182
13.2909
13.4364
12.8909
12.0727
12.7545
13.3182
14.0727
13.5
13.6727
13.7545
11.9182
13.2182
13.3364
13.6909
13.7455
13.1364
13.9636
12.8818
13.5091
13.1636
13.7273
12.8182
13.0273
13.5182
13.6273
13.5273
13.6545
12.7818
13.3636
13.3364
12.6273
12.4182
13.3091
13.7727
12.4
11.9273
13.5273
13.6091
13.8545
13.9182
12.3182
13.3273
12.6545
13.3545
13.1727
13.4455
12.5909
13.7455
13.5273
13.7636
13.4455
13.0364
13.4455
13.6273
12.3909
12.1909
13.1455
12.7636
13.4364
9.28182
13.8182
13.7182
13.4273
12.9727
13.8727
13.6727
13.4909
14.0273
13.7182
13.6818
13.6273
13.1182
12.9727
13.6364
13.3364
12
12.7364
13.5182
12.3182
12.9
13.3
13.9364
13.1909
13.3636
13.2091
12.4818
13.0727
11.4909
13.7909
13.2455
13.7273
12.7273
11.7182
10.9636
12.2545
13.4091
13.6182
13.8727
12.7273
12.9636
12.2545
13.5091
13.1273
12.3455
12.8909
13.1364
13.1727
12.9364
10.2273
13.2273
13.8182
10.9727
12.8727
13.5091
13.8364
12.9091
13.0273
13.0091
12.3909
13.5182
13.4818
13.9273
13.2182
13.3455
13.6091
13.4364
13.5636
13.0636
12.7
13.3364
12.5909
13.1818
13.1
12.8545
12.5545
13.7364
13.1182
13.4273
13.2091
13.6091
13.2636
12.2818
13.5
13.6545
13.9
12.9364
12.2
13.0818
13.6364
13.8455
13.0364
13.3727
13.5364
13.1636
13.9455
13.4909
13.6455
12.9182
13.9909
13.2182
12.8364
12.0545
12.6273
13.1818
13.3
12.2364
12.4
13.2818
12.9182
13.2455
12.8182
12.9909
13.9
13.4
11.0909
11.6364
13.2818
13.6455
14.0818
13.6727
12.4545
