160.009
169.773
179.991
172.855
179.345
174.282
162.282
156.545
161.882
158.536
155.891
160.427
118.691
179.982
163.336
169.945
150.173
177.445
160.936
168.155
171.355
167.527
176.8
163.473
167.918
175.636
171.191
172.845
171.318
154.382
162.655
185.682
161.291
161.527
171.118
163.973
156.264
166.591
162.9
164.355
167.8
166.5
175.518
161.655
157.145
160.136
141.973
159.964
165.282
167.027
178.064
178.536
168.455
169.5
179.2
165.282
168.773
163.3
178.882
162.7
175.091
175.636
179.973
170.755
180.318
167.245
181.682
159.6
161.191
158.464
168.282
172.1
171.736
171.273
164.027
170.318
161.155
171.245
159.936
172.073
159.555
158.8
170.936
159.027
164.109
155.345
177.473
180.282
156.018
163.509
170.436
180.3
173.145
153.536
171.4
174.473
163.436
168.355
168.336
178.809
156.345
178.955
163.736
149.609
160.6
155.573
168.991
182.591
161.873
174.164
159.482
174.455
181.436
179.491
161.918
173.445
169.264
175.518
172.927
153.845
184.764
163.136
176.173
171.773
177.627
166.591
177.109
159.982
181.955
163.5
162.645
165.273
170.609
167.691
160.664
163.373
175.836
188.336
172.527
169.9
176.445
158.027
164.755
173.218
170.464
176.064
167.409
180.918
165.627
172.991
168.955
171.055
165.382
168.182
169.855
169.145
169.327
178.009
161.7
175.555
170.573
168.745
159.355
176.109
177.391
157.982
153.827
177.991
172.291
185.391
185.445
158.264
168.164
162.345
168.945
169.6
177.555
159.855
174.836
173.9
175.718
169.6
168.827
175.482
177.091
155.3
159.609
171.309
168.427
171.082
125.427
174.845
173.755
171.318
167.282
176.036
176.836
170.364
173.645
174.455
171.2
162.636
172.655
175.282
174.227
175.491
143.336
166.936
164.609
155.482
161.864
179.673
181.945
164.591
174.591
171.245
161.455
163.245
141.318
179.2
165.691
172.491
164.073
146.464
135.727
152.764
162.209
166.955
180.7
168.764
164.345
162.718
169.409
163.427
162.555
166.8
173.064
182.1
167.555
139.364
171.509
188.945
139.109
164.118
180.227
177.564
154.455
166.918
173.609
158.209
183.755
176.564
177.936
168.555
171.982
174.218
165.945
175.545
168.782
163.182
172.691
159.555
169.127
167.509
160.573
164.027
184.455
169.282
166.845
169.1
168.6
173.109
154.118
172.009
176.482
175.482
162.082
153.873
169.436
175.373
171.727
158.282
167.6
180.664
171.691
173.555
174.055
177.1
164.473
180.773
174.136
165.718
163.927
154.682
155.991
170.609
151.818
163.982
162.364
164.791
169.527
163.809
166.3
176.6
164.982
128.582
151.682
159.718
176.536
178.373
179.536
162.809
