0.730635
0.775218
0.821876
0.78929
0.818929
0.795807
0.741013
0.714819
0.739186
0.72391
0.711831
0.732545
0.541968
0.821835
0.745828
0.776007
0.68572
0.810253
0.734869
0.767829
0.782441
0.764965
0.807306
0.746451
0.76675
0.801993
0.781694
0.789249
0.782275
0.70494
0.742715
0.847862
0.736488
0.737567
0.781362
0.748734
0.713533
0.760689
0.743836
0.750477
0.76621
0.760274
0.801453
0.738149
0.717559
0.731216
0.648277
0.730428
0.754711
0.762682
0.813076
0.815235
0.769199
0.773973
0.818265
0.754711
0.770652
0.745662
0.816812
0.742922
0.799502
0.801993
0.821793
0.779701
0.823371
0.763678
0.829597
0.728767
0.736032
0.723578
0.76841
0.785845
0.784184
0.782067
0.748983
0.777709
0.735866
0.781943
0.730303
0.78572
0.72856
0.725114
0.780531
0.726152
0.749357
0.70934
0.810378
0.823205
0.712412
0.746617
0.778248
0.823288
0.790619
0.701079
0.782648
0.796679
0.746285
0.768742
0.768659
0.81648
0.713906
0.817144
0.747655
0.683147
0.733333
0.710378
0.771648
0.833748
0.739145
0.795268
0.728227
0.796596
0.828477
0.819593
0.739352
0.791988
0.772893
0.801453
0.789622
0.702491
0.84367
0.744915
0.804442
0.78435
0.811083
0.760689
0.808717
0.730511
0.830843
0.746575
0.742673
0.75467
0.779037
0.765712
0.733624
0.745994
0.802906
0.859983
0.787796
0.775799
0.805687
0.721586
0.752304
0.790951
0.778373
0.803944
0.764425
0.82611
0.756289
0.789913
0.771482
0.781071
0.755168
0.767954
0.775592
0.772354
0.773184
0.812827
0.738356
0.801619
0.778871
0.770527
0.727646
0.804151
0.810004
0.721378
0.702408
0.812744
0.786716
0.846534
0.846783
0.722665
0.76787
0.741303
0.77144
0.774429
0.810751
0.729929
0.79834
0.794064
0.802366
0.774429
0.770901
0.801287
0.808634
0.709132
0.728809
0.782233
0.769074
0.781196
0.572727
0.798381
0.7934
0.782275
0.763844
0.803819
0.807472
0.777916
0.792902
0.796596
0.781735
0.742632
0.788377
0.800374
0.795558
0.801328
0.654504
0.762267
0.75164
0.709963
0.739103
0.820423
0.830801
0.751557
0.797219
0.781943
0.737235
0.745413
0.645289
0.818265
0.756579
0.78763
0.749191
0.668784
0.619759
0.697551
0.740681
0.76235
0.825114
0.77061
0.750436
0.743005
0.773557
0.746243
0.742258
0.761644
0.790245
0.831507
0.765089
0.636364
0.783147
0.862765
0.635201
0.749398
0.822956
0.810793
0.705272
0.762183
0.792736
0.722416
0.839062
0.806227
0.812495
0.769655
0.785305
0.795517
0.757742
0.801577
0.770693
0.745122
0.788543
0.72856
0.772271
0.764882
0.733209
0.748983
0.842258
0.772976
0.761851
0.772146
0.769863
0.790452
0.703736
0.78543
0.805853
0.801287
0.7401
0.702615
0.773682
0.800789
0.784143
0.722748
0.765297
0.824948
0.783977
0.792487
0.79477
0.808676
0.751017
0.825446
0.795143
0.756704
0.748526
0.70631
0.712287
0.779037
0.693234
0.748775
0.741386
0.75247
0.774097
0.747987
0.759361
0.806393
0.753342
0.587132
0.692611
0.729307
0.806102
0.814487
0.819801
0.743421
