184.173
229.962
178.318
323.557
232.153
178.318
124.495
177.947
282.1
152.037
172.25
160.465
201.539
221.858
189.908
271.682
246.694
254.164
273.746
277.689
204.823
207.234
120.672
233.69
288.106
185.423
194.409
210.056
177.297
236.22
209.742
183.347
395.244
162.734
256.949
166.752
265.377
247.361
113.716
201.126
176.295
143.191
195.225
148.455
153.051
213.359
226.569
233.478
163.927
166.951
168.984
177.872
197.478
174.676
242.997
194.014
129.946
239.322
203.084
207.212
238.465
166.998
253.238
182.822
215.821
187.901
201.941
301.068
157.805
178.685
178.301
169.698
134.59
265.095
175.589
128.743
197.468
275.482
183.42
276.302
175.642
143.259
158.677
199.807
188.408
152.034
325.148
145.015
215.928
283.659
300.98
167.483
202.482
219.898
140.585
174.972
257.402
291.076
200.885
170.074
327.647
171.875
171.019
188.023
171.799
179.234
239.67
276.544
157.608
172.71
150.158
240.376
146.831
191.485
128.377
157.287
194.528
257.229
282.339
238.063
166.735
202.27
238.332
138.782
177.507
313.248
278.873
224.802
239.108
267.112
156.786
249.663
149.555
187.722
196.41
218.055
226.198
290.2
180.715
208.212
211.544
214.79
276.161
261.095
214.401
211.703
215.535
322.46
169.9
198.994
185.278
159.201
190.655
154.328
163.913
242.36
171.682
185.438
121.365
199.653
249.793
189.023
162.393
240.367
252.543
162.582
142.802
187.409
200.55
146.65
258.957
168.818
150.989
192.763
127.861
180.664
221.918
282.922
219.465
284.747
207.357
269.807
148.72
288.63
130.833
254.428
243.34
210.242
232.057
214.429
406.94
178.535
243.178
216.356
158.458
252.09
145.913
227.116
281.47
181.616
220.166
265.539
315.488
162.2
158.755
212.92
107.88
198.862
201.3
232.994
313.837
230.044
224.835
186.864
164.018
306.406
157.558
172.33
173.538
150.27
219.036
265.952
230.114
278.008
288.098
201.862
163.971
203.748
246.252
336.643
172.803
185.755
164.921
237.631
237.232
186.369
238.865
264.661
267.196
231.839
257.452
304.723
284.589
176.162
224.574
183.675
233.746
194.632
163.839
227.743
259.194
198.922
208.816
124.543
220.11
187.341
260.842
174.585
194.145
211.345
136.28
262.037
212.434
156.954
176.598
146.307
165.542
224.148
267.972
299.356
233.289
152.416
246.549
159.809
127.759
179.139
178.678
325.904
233.299
190.921
166.021
259.17
228.059
86.4625
244.649
186.011
169.688
141.353
173.227
319.005
329.875
152.846
193.35
254.104
407.866
155.8
319.56
171.919
191.767
162.019
140.75
222.99
187.242
166.111
177.212
147.241
120.649
170.402
163.026
239.231
175.791
129.692
