133.958
165.365
127.367
221.025
159.971
132.055
90.6684
124.464
215.837
112.446
125.696
125.599
138.254
155.056
137.581
195.272
176.853
179.341
194.281
200.107
146.408
147.25
85.6765
164.217
204.813
137.125
139.012
147.623
126.137
167.98
151.627
132.346
254.829
120.87
184.168
118.328
185.186
182.805
81.9162
144.924
125.728
101.725
137.145
106.678
108.385
151.991
174.257
157.574
113.309
122.258
118.164
133.332
136.98
125.73
169.644
138.865
96.0453
173.291
153.764
152.793
172.117
116.637
187.834
138.677
155.992
136.388
145.054
216.987
114.486
133.223
130.256
119.693
96.4347
178.512
127.87
90.3812
135.135
196.373
135.481
191.093
129.399
99.3356
118.99
154.447
132.002
109.722
233.34
114.18
155.957
207.052
215.611
116.88
143.119
158.304
100.909
121.999
181.465
201.501
134.925
119.076
252.012
125.56
127.186
129.489
122.319
129.088
170.24
212.457
114.983
129.696
105.575
171.535
104.879
136.533
93.1389
109.201
136.713
185.497
196.939
168.064
117.306
141.287
176.218
97.4294
130.687
213.442
198.222
162.92
171.207
193.046
111.974
171.258
106.981
133.114
146.609
155.483
161.248
222.69
128.986
150.662
151.075
158.638
193.253
191.376
153.012
153.823
156.307
232.414
120.179
146.333
134.936
115.015
135.578
110.926
119.247
170.307
123.851
129.421
89.0625
141.191
179.379
135.372
117.787
169.074
176.923
115.08
102.652
133.492
146.283
106.47
200.445
121.469
112.161
138.629
91.7355
124.865
153.76
198.419
160.599
216.095
148.286
189.441
103.794
191.209
96.4967
178.409
175.384
156.491
166.243
152.274
263.316
127.714
179.628
152.547
117.326
165.508
105.683
158.89
194.008
136.354
161.283
183.954
236.294
114.659
118.152
148.204
78.0007
145.06
151.105
164.588
208.593
168.352
159.924
128.02
118.27
219.495
113.799
124.854
120.285
111.177
156.392
179.489
165.976
196.756
199.605
142.355
121.04
144.29
174.595
243.73
121.54
130.729
120.369
169.809
165.861
133.472
170.371
181.136
184.941
168.608
171.096
218.281
203.539
129.81
156.919
132.233
174.31
141.592
122.636
162.115
181.306
141.133
147.083
91.696
150.864
135.236
182.259
131.021
133.919
152.781
104.067
200.05
149.732
113.293
125.358
106.298
119.495
174.08
192.089
207.911
170.808
112.585
167.979
117.671
94.9092
130.405
123.735
200.214
163.059
140.322
116.928
187.248
153.125
63.8669
172.847
133.437
119.431
107.252
123.965
217.795
233.078
111.158
132.521
185.131
335.77
113.512
225.35
120.646
135.884
120.717
102.613
162.833
134.063
122.227
125.197
102.992
88.9642
127.783
120.559
166.159
131.707
92.5168
