0.0251105
0.0285306
0.0305367
0.0270726
0.0295327
0.0335996
0.0305975
0.0325041
0.0304065
0.0308434
0.0310719
0.0304103
0.0315231
0.0298093
0.0291663
0.0281448
0.02822
0.027678
0.026202
0.0221907
0.0284121
0.0308499
0.0318226
0.028371
0.0301678
0.0303078
0.031006
0.0314859
0.0311881
0.0290478
0.0298883
0.0298947
0.0257871
0.0274592
0.0246735
0.0315012
0.0271094
0.0298853
0.0351876
0.0297971
0.0290663
0.0307741
0.0312129
0.031667
0.0309166
0.0281817
0.0264326
0.031659
0.0327181
0.0321093
0.0317304
0.0290699
0.0303757
0.030103
0.0278838
0.0308868
0.031591
0.0314614
0.0318719
0.03148
0.0281355
0.0324898
0.0256683
0.0307632
0.0295701
0.029495
0.0307229
0.0291902
0.0285435
0.0283047
0.0306102
0.0319424
0.031895
0.0277872
0.026734
0.0313241
0.0344293
0.0281016
0.0283653
0.0294928
0.0299743
0.0320519
0.0298558
0.026991
0.0299362
0.0330866
0.0275894
0.031379
0.0279735
0.0285866
0.0225328
0.0298687
0.0303515
0.0280424
0.0327174
0.0314045
0.0280789
0.0288853
0.0309463
0.0298783
0.0287075
0.0298557
0.034323
0.0311532
0.0302066
0.0289031
0.0277596
0.0297492
0.0311997
0.0308296
0.0327127
0.0272541
0.0325476
0.0319154
0.0326288
0.0309147
0.0313643
0.0264348
0.0276832
0.0278706
0.0302144
0.0316533
0.0308341
0.0329883
0.0323813
0.0256983
0.0293811
0.0289984
0.0283693
0.0282136
0.0305706
0.0284373
0.0288979
0.0307587
0.0293829
0.0274109
0.0309162
0.0263865
0.0315854
0.0292106
0.0265072
0.0294671
0.0286579
0.0228875
0.0280507
0.028181
0.0281459
0.0288891
0.0334835
0.0282153
0.0288827
0.0282734
0.0316719
0.0321134
0.0298554
0.0289982
0.0298239
0.0339437
0.0330876
0.0307935
0.0275174
0.0321969
0.0275667
0.0318973
0.0286246
0.0308338
0.0341342
0.0306752
0.0322755
0.0309308
0.0276034
0.0322669
0.03145
0.0297832
0.0332118
0.031469
0.0302831
0.0283561
0.0279519
0.0274933
0.0322747
0.0262728
0.0330473
0.0277784
0.0327278
0.0267861
0.0321882
0.03078
0.0283778
0.0297943
0.0225315
0.0300511
0.0303224
0.0293608
0.0316757
0.0302091
0.0324687
0.0291598
0.0265342
0.0305268
0.0297198
0.0273517
0.0302787
0.0329586
0.0323209
0.0312872
0.0314828
0.0285589
0.0295239
0.0283269
0.0309346
0.0305984
0.0291408
0.0340489
0.0306643
0.0278657
0.0325163
0.0301797
0.0282535
0.0312311
0.0284294
0.0313821
0.0298179
0.0290177
0.0285592
0.026526
0.0290054
0.0289414
0.0284215
0.0164914
0.0289288
0.0305293
0.0323318
0.0274262
0.0281647
0.0279878
0.0281639
0.0292101
0.0283266
0.0255159
0.0299461
0.0269975
0.0223826
0.0311381
0.0293658
0.0282267
0.0294712
0.0279395
0.0319046
0.0312815
0.0311474
0.0323841
0.0286561
0.0324698
0.0284291
0.0292719
0.0276511
0.0291875
0.0296729
0.0298088
0.0299886
0.0295785
0.0302205
0.0329321
0.0299263
0.0358321
0.0285994
0.0316897
0.0266601
0.0252465
0.0274979
0.0329654
0.0295737
0.0324285
0.033791
0.0287363
0.0302526
0.0305969
0.0294882
0.0296602
0.0311272
0.0281423
0.0312901
0.0353334
0.029822
0.0281673
0.0334128
0.0331904
0.0293164
0.0284498
0.0275593
0.0306159
0.028601
0.0272749
0.0291435
0.0335275
0.0251668
0.0364267
0.0306265
0.0307519
0.0357708
0.0312592
0.0349457
0.0318003
0.0314501
0.0339035
0.0314336
0.0311297
0.0323936
0.0280798
0.0327526
0.0335322
