0.01766
0.0163661
0.0187978
0.012747
0.0169835
0.0179549
0.0253164
0.0211156
0.0184713
0.0192766
0.0215574
0.0204502
0.0206014
0.0170889
0.0181624
0.0148701
0.0150321
0.0144528
0.0127113
0.0131389
0.0167039
0.0201918
0.0271888
0.0153349
0.0139256
0.0186143
0.0170914
0.0172431
0.0189281
0.0159266
0.0161135
0.0199843
0.0129659
0.0182473
0.0131589
0.0208929
0.0139376
0.0159112
0.0285327
0.0186297
0.0184129
0.023369
0.0182057
0.0217543
0.0230239
0.0162179
0.0161389
0.0200186
0.0230889
0.021573
0.0214747
0.0188418
0.0197376
0.0189098
0.0154903
0.0197971
0.0239734
0.0171523
0.0237268
0.0210491
0.0153238
0.0227583
0.0143069
0.0174788
0.0156252
0.017175
0.017214
0.014099
0.0219492
0.0162578
0.0178189
0.0213928
0.0238876
0.0157667
0.0201578
0.0283012
0.0195513
0.0148835
0.0167185
0.0170092
0.0196499
0.026091
0.0233202
0.0165878
0.0190761
0.0207041
0.0131696
0.0210159
0.0155709
0.0156362
0.0111594
0.0208444
0.0167893
0.0152911
0.0233141
0.0207479
0.0134074
0.0135498
0.0206371
0.0232447
0.0149461
0.0200672
0.0187676
0.0198666
0.0216691
0.0172944
0.0142842
0.0166756
0.0194978
0.0258921
0.0263058
0.0147424
0.022437
0.0186624
0.024564
0.0228518
0.0198622
0.0136557
0.0148904
0.0149056
0.0217581
0.0192995
0.0166609
0.0260403
0.02437
0.0130612
0.0152751
0.0155456
0.0150195
0.0136867
0.0263377
0.0157641
0.0219892
0.0185956
0.0167749
0.0165002
0.0169164
0.0131021
0.0187115
0.0199232
0.0157232
0.0163257
0.0138195
0.0120467
0.0157828
0.0140671
0.0158495
0.0146099
0.0204591
0.0170718
0.0164486
0.0205385
0.0184862
0.0255003
0.0228066
0.0178865
0.0196661
0.0198236
0.0249911
0.0185535
0.0131552
0.0194791
0.0200717
0.0157967
0.015413
0.0211137
0.0276194
0.0188386
0.018124
0.0212745
0.0157783
0.0194779
0.0262661
0.0168104
0.0253672
0.0203344
0.0170421
0.0143119
0.015271
0.0139922
0.0166044
0.0138032
0.0236551
0.0143409
0.0228897
0.0144941
0.018544
0.0166739
0.0163088
0.0162221
0.0129154
0.019705
0.0166338
0.0164155
0.0221251
0.0194096
0.022507
0.0160701
0.0134167
0.0202653
0.0145343
0.014365
0.015642
0.0219654
0.0205433
0.0175658
0.0299848
0.0208045
0.0166174
0.0146384
0.0162314
0.0156487
0.0178836
0.0221167
0.0216719
0.0127137
0.02104
0.0187497
0.0218885
0.0222468
0.0152601
0.0157653
0.0151974
0.0145359
0.0154881
0.0179561
0.018968
0.017585
0.0190217
0.0095362
0.0198343
0.0216912
0.0205938
0.0142876
0.0153517
0.0181748
0.0160039
0.0156982
0.0146051
0.0138636
0.0173671
0.012364
0.0122593
0.0183243
0.0163403
0.0179025
0.0160454
0.0172296
0.0211025
0.0162841
0.0197343
0.0174682
0.0159726
0.024121
0.0170016
0.0177848
0.0150421
0.0192539
0.0204641
0.0151599
0.024852
0.0165188
0.0173375
0.0262145
0.0194387
0.0221386
0.0197794
0.0192582
0.0145385
0.0124928
0.0156178
0.025334
0.0173777
0.019135
0.023213
0.01832
0.0207268
0.0190009
0.0148434
0.0162813
0.0211624
0.0142704
0.0182999
0.0332411
0.0146948
0.0189816
0.0205888
0.0227306
0.0191839
0.0135036
0.0143987
0.0210152
0.0214823
0.0149891
0.0150122
0.0226743
0.0122969
0.023564
0.0182523
0.0203373
0.0219998
0.0205684
0.0209883
0.0217922
0.0199281
0.0262025
0.0255446
0.0174246
0.0182666
0.015539
0.0206645
0.0262564
