0.544935
0.514738
0.541724
0.519257
0.542163
0.55646
0.567334
0.534403
0.540414
0.560009
0.534847
0.547283
0.547378
0.546582
0.527301
0.53268
0.561607
0.505191
0.51613
0.535926
0.54214
0.537559
0.537138
0.519961
0.511715
0.530448
0.544163
0.538856
0.529123
0.558235
0.520142
0.522756
0.545862
0.520419
0.52001
0.528649
0.525433
0.526757
0.530118
0.548839
0.537842
0.525374
0.539339
0.534018
0.560152
0.542599
0.545398
0.535831
0.486804
0.515972
0.524173
0.540147
0.535862
0.516796
0.524883
0.536645
0.539066
0.526597
0.527717
0.558054
0.532093
0.56219
0.52426
0.549221
0.528812
0.53889
0.524917
0.544101
0.550913
0.567922
0.549887
0.542032
0.551952
0.539774
0.55992
0.538125
0.525741
0.53995
0.533914
0.536301
0.555811
0.529432
0.528852
0.535665
0.545522
0.555069
0.538956
0.53987
0.559565
0.536646
0.526805
0.523405
0.543827
0.544698
0.559471
0.528688
0.52895
0.524167
0.533067
0.519192
0.576026
0.508536
0.535676
0.526089
0.548042
0.559521
0.530495
0.530155
0.542565
0.544507
0.552752
0.573887
0.518807
0.515071
0.555609
0.527803
0.525638
0.539055
0.531848
0.549486
0.525472
0.54911
0.541288
0.547666
0.533239
0.530481
0.530729
0.548069
0.543367
0.535519
0.551417
0.524517
0.514365
0.551646
0.556251
0.547667
0.545047
0.537112
0.53822
0.548293
0.537355
0.552205
0.544099
0.542615
0.538761
0.537324
0.567947
0.535824
0.542805
0.551605
0.554838
0.556956
0.5609
0.541328
0.537308
0.5386
0.548592
0.565518
0.527838
0.525995
0.540564
0.554089
0.554793
0.528012
0.554707
0.547815
0.542275
0.537897
0.513564
0.530572
0.547814
0.53942
0.539268
0.557969
0.531171
0.544611
0.541052
0.52916
0.53066
0.54743
0.539284
0.540656
0.540485
0.539186
0.526285
0.535994
0.547235
0.555
0.548912
0.53641
0.547968
0.528485
0.536347
0.546473
0.5291
0.544513
0.540964
0.546433
0.519603
0.526713
0.538093
0.541801
0.532405
0.526604
0.525471
0.530298
0.52987
0.537159
0.559712
0.564125
0.54086
0.551926
0.507697
0.517056
0.5476
0.536988
0.560342
0.537501
0.548247
0.526885
0.544501
0.534298
0.514273
0.541799
0.546065
0.522726
0.551633
0.552832
0.532432
0.547733
0.540447
0.546896
0.535831
0.537602
0.521409
0.534978
0.544967
0.532239
0.558094
0.550361
0.531774
0.507197
0.561275
0.55562
0.532059
0.518835
0.537673
0.526468
0.547309
0.553827
0.518718
0.546504
0.52635
0.527776
0.537006
0.549112
0.551296
0.547092
0.541863
0.545783
0.521431
0.543832
0.541916
0.539296
0.556107
0.53079
0.528156
0.538751
0.55287
0.528266
0.505502
0.538241
0.54245
0.544356
0.537507
0.532175
0.525244
0.531593
0.521098
0.528986
0.51821
0.542283
0.532177
0.52515
0.534228
0.531384
0.524831
0.536733
0.522832
0.549781
0.515943
0.556718
0.534964
0.555969
0.5329
0.5072
0.55651
0.521441
0.550153
0.546048
0.518109
0.553779
0.527524
0.523947
0.545871
0.561264
0.56984
0.528775
0.542839
0.500767
0.523524
0.561013
