0.0258275
0.0214174
0.0228964
0.0254356
0.022348
0.0223346
0.0251271
0.0220732
0.0224323
0.0239686
0.0225687
0.0212074
0.020937
0.0234381
0.0228057
0.0218856
0.0213854
0.0229929
0.0220046
0.0201978
0.0266735
0.0197798
0.0209132
0.0194675
0.0209825
0.0231989
0.0223811
0.0224738
0.0204327
0.0232471
0.0233463
0.0225144
0.0220128
0.0214383
0.0220328
0.0219812
0.0245983
0.0232081
0.0213218
0.0241282
0.0211261
0.0229482
0.021442
0.0217624
0.0237978
0.0222217
0.025162
0.0228893
0.0226105
0.0227065
0.0179619
0.0236458
0.0216882
0.0224472
0.0234796
0.0229198
0.0210939
0.0207608
0.0207066
0.0221038
0.0251835
0.0253019
0.0213403
0.0224736
0.0212675
0.0213288
0.0221288
0.0231551
0.0229565
0.0226755
0.0249077
0.0227705
0.0234149
0.0208292
0.023874
0.0224319
0.0215092
0.0226528
0.0217689
0.0215495
0.0222969
0.0215674
0.0220837
0.0220461
0.0235166
0.0219666
0.0239604
0.0230872
0.0223392
0.0226831
0.021413
0.0216714
0.0229543
0.0217106
0.0206121
0.022125
0.0226646
0.0229032
0.0225675
0.0228889
0.0256477
0.0172886
0.0197571
0.0214802
0.0223382
0.0221058
0.0178575
0.0219925
0.0212582
0.0221507
0.0235325
0.0260761
0.0177656
0.021012
0.0222486
0.0224607
0.0226762
0.0248007
0.0243949
0.0240307
0.0233166
0.0228874
0.0232005
0.022228
0.0207064
0.0222537
0.0226907
0.0228238
0.0247786
0.0223596
0.0240838
0.0226003
0.0219911
0.0230472
0.0202134
0.0250928
0.0237357
0.0224283
0.0219098
0.0229266
0.022343
0.0229131
0.0259309
0.0240181
0.0225201
0.0206531
0.0237986
0.0226104
0.0217592
0.0233595
0.0215684
0.0225706
0.0241493
0.0219049
0.0222078
0.0239193
0.0249595
0.0227928
0.0225462
0.0245877
0.0183094
0.0226311
0.0239418
0.0220785
0.0229779
0.0236279
0.0216992
0.0228878
0.0225228
0.023274
0.0235657
0.0221191
0.020825
0.0212738
0.0190743
0.0209248
0.0195252
0.0187793
0.0239189
0.0204386
0.0217363
0.0259048
0.0213191
0.0204735
0.0217716
0.0232783
0.0221693
0.0236377
0.0230266
0.0214273
0.0247794
0.0221568
0.0220627
0.0231009
0.0229373
0.0232484
0.0225233
0.0238715
0.0228413
0.0232568
0.0236716
0.0219706
0.0223748
0.0226686
0.0239437
0.020801
0.0223672
0.0217276
0.0246756
0.0223674
0.0234263
0.0256369
0.0221951
0.0224125
0.0233876
0.0228312
0.0237325
0.0220648
0.0221787
0.021557
0.0231058
0.0229767
0.0209575
0.0229815
0.0241855
0.02367
0.023472
0.022837
0.0212115
0.0188588
0.0221118
0.023731
0.0216232
0.0220926
0.0209943
0.0223363
0.0220884
0.0189452
0.0244664
0.0239654
0.0223811
0.0239046
0.0240665
0.0227781
0.0235621
0.023921
0.022061
0.0221431
0.023739
0.0238818
0.0219348
0.0209532
0.020965
0.0222634
0.0225584
0.0222689
0.0231744
0.0237256
0.02238
0.0220795
0.0228726
0.021728
0.0224965
0.0247546
0.0234969
0.0210327
0.0230851
0.0214621
0.0238448
0.0247882
0.0176138
0.0221406
0.0214732
0.0223731
0.022895
0.024823
0.0247126
0.0210381
0.0220501
0.0215236
0.02336
0.0232479
0.0206795
0.0203794
0.0233518
0.0233739
0.0239659
0.022062
0.020161
0.0237618
0.0264798
0.0221307
0.0242727
0.0251644
0.0211544
0.0215514
0.0251759
0.0192137
0.0234352
0.0223567
0.0196566
0.0246391
0.0214353
0.0227181
0.0220484
0.0223478
0.0234575
0.0187003
0.021516
0.0207635
0.020023
0.0240939
