0.751758
0.760092
0.76492
0.772679
0.753357
0.741296
0.738591
0.757932
0.751554
0.747337
0.766993
0.751814
0.76879
0.748915
0.761718
0.759251
0.742916
0.761222
0.767136
0.772402
0.744824
0.750857
0.7425
0.759559
0.773226
0.756435
0.764081
0.748917
0.760478
0.753381
0.763997
0.757447
0.754107
0.762642
0.763849
0.752881
0.757436
0.759719
0.755595
0.750851
0.755784
0.753577
0.75197
0.753923
0.739312
0.760893
0.739275
0.762902
0.760676
0.755397
0.755582
0.761102
0.763239
0.76068
0.754207
0.752486
0.753242
0.757749
0.759922
0.751975
0.754996
0.737688
0.764213
0.748898
0.755367
0.746769
0.76334
0.770089
0.740504
0.735628
0.743321
0.757957
0.74419
0.764309
0.744256
0.746095
0.756133
0.760647
0.759976
0.757364
0.742287
0.767711
0.755592
0.758805
0.759561
0.74329
0.754926
0.757999
0.745311
0.765778
0.765365
0.760015
0.765093
0.757984
0.753398
0.75116
0.764208
0.76731
0.758043
0.774092
0.747788
0.758402
0.759015
0.752614
0.765102
0.745854
0.770312
0.754974
0.754691
0.741525
0.750202
0.744608
0.758264
0.759908
0.744554
0.762669
0.764651
0.754041
0.769905
0.748295
0.752936
0.757525
0.758996
0.760402
0.759172
0.76234
0.757675
0.750009
0.760323
0.766934
0.738968
0.769853
0.764596
0.748369
0.758316
0.748539
0.752347
0.769348
0.761437
0.752932
0.754529
0.75637
0.743245
0.753277
0.749485
0.756202
0.73344
0.748388
0.747419
0.74769
0.764553
0.736984
0.746932
0.752379
0.757254
0.740523
0.746209
0.745302
0.755493
0.747644
0.772807
0.760359
0.740458
0.774453
0.764547
0.748591
0.757853
0.747592
0.765359
0.751789
0.749277
0.761386
0.752537
0.749883
0.761305
0.7455
0.761566
0.764361
0.748913
0.759162
0.753553
0.737697
0.753572
0.757785
0.765799
0.752386
0.756122
0.757208
0.747375
0.752808
0.756948
0.761937
0.756022
0.75669
0.756616
0.7495
0.757961
0.749641
0.760744
0.753621
0.747426
0.749788
0.77034
0.761543
0.751568
0.761871
0.764236
0.764649
0.755039
0.747595
0.761444
0.745368
0.766289
0.757152
0.745067
0.752687
0.741825
0.758574
0.743563
0.754715
0.753036
0.750493
0.77641
0.753386
0.755969
0.745605
0.742224
0.745407
0.765818
0.746918
0.755527
0.755987
0.758515
0.754451
0.767363
0.767426
0.758043
0.774852
0.749107
0.757964
0.761681
0.778547
0.736041
0.743455
0.757398
0.775415
0.766604
0.758732
0.755149
0.742784
0.758642
0.757128
0.75334
0.75981
0.752765
0.751603
0.758477
0.746588
0.753213
0.749163
0.751919
0.744959
0.748294
0.749401
0.748461
0.766209
0.766755
0.757538
0.738855
0.769492
0.762152
0.740712
0.75825
0.748716
0.751564
0.763315
0.765118
0.762424
0.762984
0.754979
0.751599
0.763668
0.748867
0.765376
0.760672
0.758122
0.760841
0.751604
0.759225
0.756954
0.772848
0.752716
0.763735
0.744613
0.77366
0.765811
0.749606
0.76225
0.752953
0.749649
0.773582
0.763159
0.759261
0.760541
0.75928
0.744969
0.733225
0.750866
0.750099
0.768715
0.772535
0.734785
