93.6763
123.772
91.0698
162.14
117.194
92.4435
62.3445
91.4205
152.93
76.1237
89.2045
83.265
102.093
112.381
99.9352
143.538
132.709
129.937
138.548
140.269
103.96
106.604
60.3597
118.19
155.426
101.041
98.6658
105.38
88.9077
124.79
105.053
97.9346
198.179
84.7432
130.987
84.6549
134.197
135.274
57.759
100.938
88.9851
71.6494
98.0183
75.6239
76.8289
106.725
126.369
117.538
82.4007
86.7233
85.6001
97.3139
98.8921
87.989
122.668
101.346
66.8968
129.216
108.155
111.669
122.102
84.632
142.709
94.5849
110.483
95.2771
100.996
165.354
83.0012
90.0047
89.37
85.5908
68.2066
132.791
92.9992
65.6463
99.5643
143.269
95.5852
146.406
93.6141
72.3311
86.0162
113.403
94.7338
76.2174
175.064
81.9566
110.523
146.062
151.35
83.9461
101.271
110.719
70.9174
88.3686
130.509
145.604
102.303
88.3039
177.412
92.4637
90.3641
95.1406
90.7821
91.1838
121.556
154.385
78.8344
86.9116
79.2314
120.302
74.329
101.015
65.3334
79.4911
98.7719
130.722
151.059
119.445
86.0204
102.992
124.919
70.8776
91.6122
159.064
147.844
114.795
119.69
142.303
81.4474
125.273
80.1972
94.4139
103.141
111.941
115.073
172.705
91.666
112.526
108.074
112.917
138.712
131.402
108.151
106.947
112.954
178.744
85.1998
101.811
94.2708
79.895
97.0696
79.4449
88.2364
125.294
87.0419
93.0332
62.0459
103.707
126.145
95.9334
81.6554
122.109
127.582
81.5608
78.9413
95.2656
108.312
74.086
135.62
85.4273
80.9694
98.6139
64.0439
94.8068
113.179
143.37
115.948
146.723
109.921
139.075
75.7198
145.073
66.6075
127.292
123.687
111.837
120.621
114.261
206.662
92.932
135.612
108.753
89.3647
126.489
73.5884
115.209
140.99
102.117
111.602
133.414
163.4
81.43
85.7457
106.681
56.704
107.576
112.81
116.908
160.7
124.475
118.308
93.9678
82.2601
156.915
79.4265
89.2511
87.2563
80.4266
110.728
134.555
118.104
144.505
149.644
102.724
82.2835
106.89
141.828
171.307
86.5734
96.3546
84.0965
120.482
119.869
93.597
123.581
135.581
137.47
115.97
130.385
162.316
142.524
91.7135
112.542
91.9916
125.304
100.263
84.9482
118.86
141.303
102.055
105.874
63.6917
112.35
94.9992
130.929
91.4366
98.9402
108.509
76.1517
139.433
111.123
84.2025
90.681
73.8488
83.6202
114.566
145.066
149.723
117.328
87.487
123.552
81.3841
64.3892
90.0967
89.8312
163.729
120.292
96.9575
83.1121
138.094
114.486
43.938
123.786
94.3536
85.8082
74.8138
89.1953
163.139
171.056
76.8275
98.577
134.993
254.482
84.2304
160.651
89.5487
96.3107
83.2353
70.6065
119.584
99.8561
91.4615
89.6472
74.9343
60.9137
87.3061
82.6498
120.134
97.4349
66.2889
