61.2271
52.2216
66.013
41.4625
55.9166
64.4859
83.5832
72.1163
61.2219
61.7191
70.2876
66.0138
62.3827
60.5712
58.0158
46.7167
46.3075
47.6861
39.5629
37.9713
56.093
67.7717
86.1255
51.3951
44.9316
62.0297
55.9696
58.4119
62.7019
55.3467
57.5106
68.8747
44.1356
58.7831
44.4937
64.6341
47.0094
54.7912
87.0688
64.145
55.9171
82.8158
62.2421
70.3079
80.2196
52.5065
55.6249
65.4445
75.0982
72.6086
71.3714
65.4729
63.1089
64.5229
50.1575
64.4141
78.3048
54.5865
77.9731
74.6825
53.8359
82.1118
45.3053
60.4834
49.7728
57.2888
60.3685
51.0545
68.5642
53.9512
63.3458
68.124
79.0763
50.3944
68.2741
85.4303
64.8302
49.0192
51.8333
54.6262
68.6833
79.2382
74.9757
53.7572
65.2034
66.4481
47.2252
71.7988
52.9722
54.1008
36.4559
67.4604
56.2072
52.2642
76.2684
70.1503
45.3278
46.6301
63.8802
73.336
53.4919
67.0616
58.1681
62.9929
70.1649
54.2824
46.2266
57.1284
67.6195
84.2915
84.727
55.0588
71.9463
60.1883
82.0846
72.7273
63.0005
47.8731
51.2278
50.6022
75.1957
64.8409
60.4692
87.7709
78.7825
44.5116
52.4827
52.0692
54.7685
44.6562
86.4026
53.069
74.6337
67.3215
58.1232
57.9053
57.4818
45.2213
63.1849
71.0032
53.0779
53.7585
51.8933
41.5039
55.3106
47.9832
55.9988
49.3015
63.6446
55.1862
54.5278
68.4585
60.4351
82.8899
73.6864
57.5823
64.0421
69.0473
82.6989
60.062
42.7566
62.5973
70.5022
56.166
52.8253
66.4585
87.2673
64.0389
61.0753
71.4199
57.6126
65.8162
81.2912
53.5792
79.274
65.7316
60.3224
47.0319
52.1176
50.4827
56.6839
48.3941
76.0053
43.1366
71.9614
47.4692
62.6241
54.0443
54.6002
53.3685
40.8609
65.4928
54.3492
55.1186
70.1116
70.644
75.9583
54.2849
42.1691
66.7542
49.9921
47.4271
50.3485
72.9371
69.6258
57.6293
90.9255
70.2628
57.8228
48.6793
52.2571
53.904
60.5191
79.7648
73.9351
42.4767
68.8162
57.8001
68.6908
72.8285
50.19
55.3236
48.0701
47.2957
46.1847
61.2138
65.9111
58.2201
62.3515
31.7222
62.5328
75.0841
72.3788
47.4579
52.2213
66.2736
54.9715
51.148
49.7196
48.1187
59.2443
43.0923
43.4097
60.4667
56.4529
57.7378
49.2879
58.3304
68.596
55.5911
62.9031
57.8054
53.2407
82.5847
57.847
60.2887
46.7165
67.5397
66.5489
53.5769
79.8381
53.5899
55.6135
84.3194
66.2215
72.2701
70.4208
64.021
46.6748
39.9961
50.8397
77.8866
53.5022
66.8104
78.1856
66.7272
66.5922
57.7294
49.9439
54.5281
66.4913
49.6847
60.18
102.524
48.3712
64.4949
71.3409
76.2515
60.7844
47.268
52.4602
71.1762
69.5064
52.3749
48.8005
76.6878
41.2194
69.35
61.7253
71.3844
70.9259
70.8756
66.2027
70.0415
66.2034
86.7073
85.7842
60.7416
62.884
53.4215
64.7618
90.8041
