68.9602
59.9625
74.6728
47.5618
63.4476
72.0908
93.3833
81.876
69.2482
68.4427
79.5873
74.6462
70.1928
68.3039
67.0215
53.7648
52.4257
55.0771
46.7769
44.3928
63.3363
76.5963
98.6629
58.3099
52.1202
71.2725
63.4585
66.9621
71.4596
61.4728
65.5117
78.5257
50.0067
68.0657
51.0114
74.8213
53.8909
63.3199
101.554
72.5857
64.645
95.045
70.9638
81.0015
89.5302
59.4479
62.3475
74.148
87.0769
83.4924
81.3879
75.3681
71.178
73.089
59.1184
73.2778
88.7431
63.7432
88.4071
83.586
61.0659
91.7741
52.7166
68.0109
57.9253
65.6844
68.7656
57.3373
79.226
60.1063
70.4216
77.739
89.1491
58.1169
76.8234
98.1533
73.9576
56.0456
60.4025
62.3566
77.0266
92.1176
85.643
61.4083
73.9109
74.1463
53.7231
81.8224
59.4135
61.3069
41.8908
77.8468
63.0553
59.6829
86.1244
80.0085
52.1148
53.1555
73.4187
84.8114
59.5988
77.9705
65.6262
72.7992
79.3086
62.0793
53.1758
65.6628
76.3561
96.8688
94.4724
61.3785
82.7055
70.6137
92.9998
82.5998
72.3813
54.293
58.3713
57.0893
85.5175
72.6474
68.4391
98.5261
91.2344
50.5518
60.3846
58.6824
61.7622
50.9309
97.4197
61.1115
86.3146
75.534
65.75
65.6872
65.2303
51.8852
72.1372
79.9077
60.4943
60.1382
58.0286
47.2956
63.3971
55.3534
63.2906
56.5369
72.5646
62.8965
61.2898
77.3529
67.6057
94.0819
83.1069
65.508
72.2978
77.3073
94.2986
69.3173
48.4471
70.2133
80.0726
64.2454
60.0293
75.8875
98.8087
72.4659
70.3527
81.8054
65.2031
74.3337
93.5935
61.7179
91.8389
75.065
68.0316
53.3795
59.2373
56.6733
66.1852
54.7545
87.1048
50.0131
83.0775
54.8188
70.5883
61.3325
61.3054
61.2381
46.3738
75.2372
62.769
62.5923
80.3681
80.0297
86.9576
60.9739
49.3531
77.9791
57.2147
55.2343
57.979
83.9952
79.0713
65.448
104.278
79.8642
64.2433
55.3361
59.7581
60.384
70.9899
92.4755
84.6465
48.1068
77.689
66.6177
77.7973
85.158
57.4377
63.0074
56.5076
53.4259
52.4118
69.4176
73.8507
66.0742
71.1834
35.7409
72.4943
84.3581
81.2789
54.3393
58.978
74.0854
62.7819
59.1122
55.8016
53.7526
67.5357
49.3183
48.5137
68.0677
64.1365
66.2403
56.753
66.6124
77.5186
62.4629
72.2248
65.8645
61.0829
93.4239
66.2516
68.3363
52.5133
76.4333
75.1041
60.1796
91.9374
60.7
62.9779
95.9022
74.7233
82.2925
79.115
72.8971
53.0299
45.7065
59.1275
89.2747
60.6763
75.2466
88.5811
75.6702
76.4915
66.1715
57.0556
62.5331
78.1748
56.1227
68.6207
118.054
54.7352
73.6848
80.7592
87.9492
69.9723
53.1718
59.0689
79.4646
78.6249
59.5182
55.359
88.1988
46.588
80.9163
69.556
81.3317
81.5143
79.3085
76.1031
80.7764
75.3568
95.3739
94.8832
69.3484
71.3638
62.9752
74.4343
101.083
