2.42295e+06
2.16604e+06
2.5441e+06
1.83956e+06
2.78919e+06
3.22629e+06
3.15815e+06
2.7926e+06
2.85504e+06
2.89888e+06
2.35772e+06
3.3324e+06
2.01685e+06
2.66172e+06
2.54012e+06
2.80574e+06
2.42089e+06
2.72074e+06
2.14451e+06
2.1601e+06
2.57176e+06
2.51472e+06
3.58312e+06
2.0599e+06
2.1306e+06
2.27276e+06
2.13782e+06
2.9324e+06
1.92498e+06
2.30024e+06
1.83525e+06
3.44445e+06
2.849e+06
2.45477e+06
2.30411e+06
2.62546e+06
2.53926e+06
3.12644e+06
3.50128e+06
2.04905e+06
2.38948e+06
2.44004e+06
2.94445e+06
2.57667e+06
3.03646e+06
2.03716e+06
1.54028e+06
2.81339e+06
2.04776e+06
2.43031e+06
2.6e+06
2.32313e+06
2.11993e+06
2.40974e+06
2.5581e+06
2.63052e+06
2.54849e+06
2.50749e+06
2.45116e+06
2.55003e+06
2.08317e+06
3.84895e+06
2.41331e+06
2.76506e+06
2.62548e+06
3.18385e+06
2.62379e+06
2.16443e+06
2.99288e+06
3.50055e+06
2.55361e+06
2.80897e+06
3.12428e+06
2.5061e+06
2.97102e+06
3.48716e+06
2.83098e+06
2.53341e+06
2.5792e+06
2.7062e+06
2.967e+06
2.14369e+06
2.92337e+06
2.06781e+06
2.80422e+06
2.19694e+06
2.49504e+06
2.41266e+06
2.88138e+06
2.116e+06
2.16013e+06
2.43961e+06
2.43239e+06
2.29624e+06
3.0222e+06
2.78061e+06
2.0937e+06
2.05446e+06
2.72838e+06
2.46707e+06
2.18705e+06
2.6412e+06
2.56049e+06
2.49424e+06
2.6627e+06
3.05754e+06
2.23744e+06
3.03904e+06
2.59889e+06
3.28544e+06
2.21337e+06
2.77836e+06
2.6068e+06
2.67478e+06
2.69455e+06
2.40909e+06
2.5913e+06
2.59213e+06
2.31057e+06
2.50289e+06
3.17572e+06
2.35684e+06
2.44877e+06
2.54515e+06
2.6221e+06
1.9636e+06
2.50523e+06
2.69682e+06
2.72846e+06
2.14698e+06
2.8369e+06
2.14606e+06
2.79272e+06
2.42182e+06
2.86682e+06
2.04247e+06
2.64882e+06
2.74378e+06
2.64326e+06
2.36501e+06
2.43514e+06
2.19486e+06
2.96037e+06
2.95051e+06
2.38768e+06
2.42836e+06
3.17764e+06
2.76054e+06
3.01641e+06
2.9172e+06
2.77894e+06
2.94004e+06
2.7417e+06
2.84299e+06
2.06513e+06
3.01894e+06
2.74186e+06
2.99939e+06
3.10633e+06
3.41025e+06
1.88563e+06
2.76506e+06
2.4149e+06
1.94083e+06
1.86516e+06
2.26866e+06
2.73976e+06
2.95819e+06
2.6109e+06
2.84123e+06
2.82954e+06
2.52977e+06
3.09719e+06
2.67619e+06
2.19925e+06
2.64647e+06
2.57622e+06
2.20767e+06
2.35621e+06
2.15446e+06
2.94241e+06
2.26372e+06
2.78074e+06
2.86459e+06
2.6518e+06
2.21095e+06
2.63311e+06
2.45875e+06
2.92489e+06
2.7074e+06
1.66872e+06
2.49189e+06
2.86014e+06
2.64962e+06
3.26669e+06
2.95901e+06
3.17817e+06
2.70452e+06
2.16394e+06
3.27965e+06
2.24173e+06
2.09977e+06
2.3088e+06
2.92072e+06
2.89069e+06
2.85719e+06
2.27488e+06
2.58274e+06
2.30223e+06
2.79378e+06
2.4693e+06
3.25347e+06
2.38916e+06
2.18483e+06
3.02286e+06
2.67683e+06
2.76444e+06
2.48178e+06
2.13174e+06
3.00263e+06
2.25528e+06
2.75344e+06
2.44938e+06
2.20711e+06
2.44325e+06
2.55969e+06
2.60942e+06
2.64876e+06
2.95691e+06
2.80006e+06
2.54875e+06
3.5764e+06
2.35133e+06
2.62113e+06
1.85363e+06
2.38556e+06
2.64697e+06
2.23378e+06
2.80715e+06
2.21188e+06
2.75436e+06
2.55668e+06
2.54731e+06
2.70975e+06
2.64363e+06
2.48524e+06
1.84068e+06
2.06659e+06
3.71331e+06
2.63434e+06
3.05824e+06
3.09386e+06
2.85936e+06
2.35183e+06
2.85928e+06
2.89679e+06
1.73463e+06
2.80369e+06
2.85686e+06
2.62655e+06
2.80779e+06
2.78441e+06
3.12796e+06
2.29494e+06
2.58438e+06
2.77646e+06
2.69877e+06
3.04577e+06
2.96918e+06
2.1503e+06
2.63419e+06
3.54727e+06
2.55455e+06
2.71067e+06
2.69032e+06
2.89114e+06
2.00692e+06
2.51243e+06
2.52802e+06
2.49907e+06
2.95144e+06
1.81969e+06
2.63796e+06
3.5523e+06
2.26837e+06
2.36018e+06
2.47668e+06
2.77831e+06
2.26238e+06
2.54769e+06
2.03252e+06
2.88611e+06
2.23497e+06
2.66688e+06
2.16538e+06
2.25087e+06
1.97886e+06
2.64527e+06
2.17864e+06
2.21207e+06
2.1716e+06
2.33952e+06
2.63287e+06
2.18789e+06
2.00605e+06
1.71712e+06
2.98283e+06
1.92342e+06
2.94835e+06
2.40389e+06
2.67883e+06
3.16434e+06
