420758
316102
379784
239532
479170
562468
550715
388106
456778
506729
324544
624084
281103
424269
379391
445274
380365
432383
346686
349582
456056
355865
612082
280862
323092
357199
313088
496142
273698
407178
231011
571943
467549
405169
336438
439045
409007
546598
541183
309364
363754
351641
485712
389564
534598
311096
229402
420520
299530
343453
442183
328732
329060
408556
379985
409903
366327
402173
362007
387845
298110
691046
374132
446501
374014
488595
383395
314392
541154
692126
434671
483995
536550
398099
525475
558771
422113
408943
379423
432346
487925
295725
471142
315527
410734
342159
402113
372128
429904
308317
361063
350273
364870
336144
511771
445465
324483
296573
445417
370407
381645
404582
450452
375223
398665
560736
331607
501482
363633
551335
377585
469114
390325
384068
402178
364110
413783
382602
361821
432953
528453
371710
374920
394330
374091
299163
380381
455947
448996
281843
478023
313418
424561
384807
410441
306442
419547
398782
422839
410901
368247
343337
538390
536181
374828
455440
585724
508125
535593
508822
435803
540852
460968
424222
327136
535454
492238
529093
470038
541438
268463
463573
337452
261509
253562
342064
442265
512661
406778
421635
437419
417299
543436
422059
312715
455607
404387
321674
378743
315261
437273
388523
462295
470604
401131
363056
440953
394190
459906
434615
251819
373099
454523
400646
510467
512879
517282
500393
326076
541308
331323
326914
371810
455477
478123
449021
305280
371083
355980
491594
394534
559506
326510
292219
489657
431252
488775
400831
380392
449104
346269
434578
344150
339813
281463
405360
446425
461911
445948
547909
401729
627726
348717
416322
281608
320192
441870
304449
468384
276258
457722
408360
450676
479460
442289
390578
277001
297406
620102
446284
481269
485232
483526
338531
454898
467852
243415
485103
480960
442843
423869
499143
504513
346892
412292
453986
404145
496971
475987
340541
389401
608868
386387
422982
370109
467394
301324
433213
390521
384040
503763
253257
417169
502751
321212
328161
377387
442528
350222
412534
300289
499792
363868
392110
255793
261902
316247
388618
333433
316162
280281
315169
389665
312703
275572
228799
548397
276689
492378
337184
406349
589647
