7.7331
7.74089
8.65981
6.09928
7.53104
7.60483
9.80005
9.75972
8.02629
6.72356
9.29979
8.63235
7.81011
7.73266
9.00569
7.04807
6.11825
7.39099
7.214
6.42147
7.24335
8.82466
12.5373
6.9148
7.18855
9.24277
7.4889
8.55023
8.75768
6.12608
8.00114
9.65099
5.87108
9.28263
6.51779
10.1872
6.88156
8.52871
14.4849
8.44069
8.72788
12.2293
8.72164
10.6937
9.31057
6.94144
6.72261
8.70352
11.9787
10.8839
10.0165
9.89523
8.06912
8.56608
8.96091
8.86372
10.4384
9.15673
10.434
8.9035
7.22991
9.66222
7.41129
7.52753
8.15245
8.39552
8.39707
6.28278
10.6618
6.15505
7.07574
9.61507
10.0728
7.72257
8.5493
12.723
9.12742
7.02637
8.56918
7.73036
8.34329
12.8794
10.6673
7.6511
8.70744
7.69816
6.49798
10.0237
6.44128
7.20604
5.43494
10.3864
6.84805
7.41863
9.85605
9.85819
6.78699
6.52534
9.53841
11.4754
6.1069
10.9089
7.45812
9.80627
9.14376
7.79693
6.94918
8.53443
8.73666
12.5773
9.74538
6.31963
10.7592
10.4254
10.9152
9.87253
9.38082
6.41986
7.14348
6.48708
10.3218
7.80647
7.9699
10.7552
12.4519
6.04018
7.9019
6.61321
6.99375
6.27468
11.0171
8.04245
11.6809
8.21257
7.62679
7.78196
7.74848
6.66391
8.95235
8.90452
7.41639
6.3797
6.13535
5.79162
8.08652
7.37018
7.29187
7.23546
8.91999
7.7103
6.762
8.89433
7.17062
11.192
9.42047
7.92569
8.25579
8.26006
11.5997
9.25533
5.69048
7.61594
9.57038
8.07941
7.20403
9.42892
11.5414
8.42708
9.27741
10.3856
7.59047
8.51756
12.3023
8.13864
12.5649
9.33346
7.7092
6.34762
7.11962
6.19059
9.50129
6.36039
11.0994
6.87656
11.1161
7.34954
7.96423
7.2882
6.70521
7.86968
5.51292
9.7444
8.41972
7.47368
10.2565
9.38568
10.9992
6.689
7.18397
11.2249
7.22265
7.80716
7.63048
11.0581
9.4455
7.81862
13.3527
9.60138
6.42042
6.6568
7.50108
6.48002
10.4707
12.7107
10.7114
5.63012
8.87278
8.81758
9.10654
12.3295
7.24766
7.68382
8.43758
6.13018
6.22715
8.20378
7.93962
7.85412
8.83185
4.01869
9.96148
9.27402
8.90009
6.88139
6.7567
7.81175
7.81041
7.96422
6.08204
5.63388
8.29139
6.22608
5.10396
7.60102
7.68359
8.50256
7.46507
8.28203
8.92264
6.87184
9.32173
8.05916
7.84221
10.8393
8.40459
8.04764
5.79679
8.89352
8.55516
6.60274
12.0993
7.11012
7.36446
11.5828
8.50186
10.0224
8.69417
8.87607
6.35506
5.71041
8.28784
11.3882
7.17409
8.43623
10.3954
8.94298
9.89932
8.44212
7.11162
8.00508
11.6836
6.43804
8.44072
15.5309
6.36392
9.18985
9.41826
11.6977
9.18796
5.9038
6.60873
8.28842
9.11847
7.14329
6.55852
11.511
5.36862
11.5663
7.83068
9.94729
10.5884
8.43289
9.90038
10.7349
9.15339
8.66656
9.09907
8.60681
8.47979
9.5537
9.67248
10.2794
