38
38
38
38
38
38
38
38
38
38
38
38
38
38
34
34
34
34
34
34
34
34
34
34
34
34
34
34
34
34
20
20
20
20
20
20
20
20
20
20
19
19
21
31
31
31
28
28
28
28
30
29
29
29
23
23
24
24
24
24
9
9
9
10
6
6
6
6
6
6
11
5
5
18
18
18
18
18
18
18
18
18
13
13
13
13
13
13
13
13
13
13
13
13
13
12
12
12
12
16
38
38
38
38
38
38
38
38
38
38
38
38
38
38
38
34
34
34
34
34
34
34
34
34
34
34
34
34
34
34
34
34
34
34
20
20
20
20
20
20
20
20
20
20
19
19
21
33
33
33
32
28
28
28
28
29
29
29
23
23
23
24
24
24
9
9
9
10
8
6
6
6
6
6
6
6
11
7
7
7
7
17
17
17
18
18
18
18
18
15
14
14
14
14
14
14
14
12
12
12
4
35
3
27
26
22
2
0
37
4
35
3
27
26
22
2
1
36
25
25
